ratrace
CTF
1
1
154,j,0,PuPSiDeDowN,0,5
217,s,0,515,-103,-59,1,0,0,100,0,0
217,0,515,-103,-59,1,0,0,100,0,0
220,0,,,,1,,,,,
224,0,,,,1,,,,,
227,0,,,,1,,,,,
230,0,,,,1,,,,,
234,0,,,,1,,,,,
237,0,,,,1,,,,,
241,0,,,,1,,,,,
244,0,,,,1,,,,,
245,c,0,0,yolo swag
247,0,,,,1,,,,,
250,0,,,,1,,,,,
254,0,,,,1,,,,,
257,0,,,,1,,,,,
260,0,,,,1,,,,,
264,0,,,,1,,,,,
267,0,,,,1,,,,,
270,0,,,,1,,,,,
274,0,,,,1,,,,,
277,0,,,,1,,,,,
281,0,,,,1,,,,,
284,0,,,,1,,,,,
287,0,,,,1,,,,,
291,0,,,,1,,,,,
294,0,,,,1,,,,,
297,0,,,,1,,,,,
300,0,,,,1,,,,,
304,0,,,,1,,,,,
307,0,,,,1,,,,,
311,0,,,,1,,,,,
315,0,,,,1,,,,,
318,0,,,,1,,,,,
321,0,,,,1,,,,,
324,0,,,,1,,,,,
328,0,,,,1,,,,,
331,0,,,,1,,,,,
334,0,,,,1,,,,,
338,0,,,,1,,,,,
341,0,,,,1,,,,,
344,0,,,,1,,,,,
348,0,,,,1,,,,,
351,0,,,,1,,,,,
354,0,,,,1,,,,,
358,0,,,,1,,,,,
361,0,,,,1,,,,,
364,0,,,,1,,,,,
368,0,,,,1,,,,,
371,0,,,,1,,,,,
374,0,,,,1,,,,,
378,0,,,,1,,,,,
381,0,,,,1,,,,,
384,0,,,,1,,,,,
388,0,,,,1,,,,,
391,0,,,,1,,,,,
394,0,,,,1,,,,,
398,0,,,,1,,,,,
401,0,,,,1,,,,,
404,0,,,,1,,,,,
408,0,,,,1,,,,,
411,0,,,,1,,,,,
414,0,,,,1,,,,,
418,0,,,,1,,,,,
421,0,,,,1,,,,,
424,0,,,,1,,,,,
428,0,,,,1,,,,,
431,0,,,,1,,,,,
434,0,,,,1,,,,,
438,0,,,,1,,,,,
441,0,,,,1,,,,,
444,0,,,,1,,,,,
448,0,,,,1,,,,,
451,0,,,,1,,,,,
454,0,,,,1,,,,,
458,0,,,,1,,,,,
461,0,,,,1,,,,,
464,0,,,,1,,,,,
468,0,,,,1,,,,,
471,0,,,,1,,,,,
474,0,,,,1,,,,,
478,0,,,,1,,,,,
481,0,,,,1,,,,,
484,0,,,,1,,,,,
488,0,,,,1,,,,,
491,0,,,,1,,,,,
494,0,,,,1,,,,,
498,0,,,,1,,,,,
501,0,,,,1,,,,,
504,0,,,,1,,,,,
508,0,,,,1,,,,,
511,0,,,,1,,,,,
514,0,,,,1,,,,,
518,0,,,,1,,,,,
521,0,,,,1,,,,,
524,0,,,,1,,,,,
528,0,,,,1,,,,,
531,0,,,,1,,,,,
535,0,,,,1,,,,,
538,0,,,,1,,,,,
541,0,,,,1,,,,,
545,0,,,,1,,,,,
548,0,,,,1,,,,,
551,0,,,,1,,,,,
554,0,,,,1,,,,,
558,0,,,,1,,,,,
561,0,,,,1,,,,,
564,0,,,,1,,,,,
568,0,,,,1,,,,,
571,0,,,,1,,,,,
574,0,,,,1,,,,,
578,0,,,,1,,,,,
581,0,,,,1,,,,,
584,0,,,,1,,,,,
588,0,,,,1,,,,,
591,0,,,,1,,,,,
594,0,,,,1,,,,,
598,0,,,,1,,,,,
601,0,,,,1,,,,,
604,0,,,,1,,,,,
608,0,,,,1,,,,,
611,0,,,,1,,,,,
614,0,,,,1,,,,,
618,0,,,,1,,,,,
621,0,,,,1,,,,,
624,0,,,,1,,,,,
628,0,,,,1,,,,,
631,0,,,,1,,,,,
635,0,,,,1,,,,,
638,0,,,,1,,,,,
641,0,,,,1,,,,,
645,0,,,,1,,,,,
648,0,,,,1,,,,,
651,0,,,,1,,,,,
655,0,,,,1,,,,,
658,0,,,,1,,,,,
661,0,,,,1,,,,,
665,0,,,,1,,,,,
668,0,,,,1,,,,,
671,0,,,,1,,,,,
675,0,,,,1,,,,,
678,0,,,,1,,,,,
681,0,,,,1,,,,,
685,0,,,,1,,,,,
688,0,,,,1,0,,,-1,
691,0,,,,1,0,,,-3,
695,0,,,,1,0,,,-4,
698,0,,,,1,0,,,-6,
701,0,,,,1,0,,,-8,
705,0,,,,1,0,,,-9,
708,0,,,,1,0,,99,-11,
711,0,,,,1,0,,,-13,
715,0,,,,1,0,,,-16,
718,0,,,,1,0,,98,-19,
721,0,,,,1,0,0,97,-22,1
725,0,,,,1,0,0,,-25,
728,0,,,,1,0,0,96,-27,
731,0,,,,1,0,0,95,-31,
735,0,,,,1,0,0,94,-34,
738,0,,,,1,0,0,93,-36,
741,0,,,,1,0,0,92,-40,
745,0,,,,1,0,0,90,-43,
748,0,,,,1,0,0,88,-47,
751,0,,,,1,0,0,85,-52,
755,0,,,,1,0,0,82,-57,
758,0,,,,1,0,0,78,-62,
761,0,,,,1,0,0,75,-66,
765,0,,,,1,0,0,72,-70,
768,0,,,,1,0,0,68,-73,
771,0,,,,1,0,0,64,-77,
775,0,,,,1,0,0,60,-80,
778,0,,,,1,0,0,54,-84,
781,0,,,,1,0,0,48,-88,
785,0,,,,1,0,0,43,-90,
788,0,,,,0.97492796182632,-0.2225206643343,0,37,-93,
791,0,,,,0.90096843242645,-0.43388471007347,0,32,-95,
795,0,,,,0.78183090686798,-0.62349051237106,0,27,-96,
798,0,,,,0.62348884344101,-0.78183221817017,0,21,-98,
801,0,,,,0.43388471007347,-0.90096837282181,0,16,-99,
805,0,,,,0.22252126038074,-0.97492784261703,0,12,,
808,0,,,,0.22252126038074,-0.97492784261703,0,8,-100,
811,0,,,,0.22252126038074,-0.97492784261703,0,4,,
815,0,,,,0.22252126038074,-0.97492784261703,0,1,,
818,0,,,,0.22252126038074,-0.97492784261703,0,-3,,
821,0,,,,0.22252126038074,-0.97492784261703,0,-8,,
825,0,,,,0.22252126038074,-0.97492784261703,0,-13,-99,
828,0,,,,0.22252126038074,-0.97492784261703,0,-17,-98,
831,0,,,,0.22252126038074,-0.97492784261703,0,-25,-97,
835,0,,,,0.22252126038074,-0.97492784261703,0,-32,-95,
838,0,,,,0.22252126038074,-0.97492784261703,0,-39,-92,
841,0,,,,0.22252126038074,-0.97492784261703,0,-46,-89,2
845,0,,,,0.22252126038074,-0.97492784261703,0,-52,-86,
848,0,,,,0.22252126038074,-0.97492784261703,0,-58,-82,3
851,0,,,,0.22252126038074,-0.97492784261703,0,-64,-77,
855,0,,,,0.22252126038074,-0.97492784261703,0,-69,-72,
858,0,,,,0.22252126038074,-0.97492784261703,0,-74,-67,4
861,0,,,,0.22252126038074,-0.97492784261703,0,-78,-63,
865,0,,,,0.00000060762886,-1,0,-81,-59,5
868,0,,,,-0.22252163290977,-0.97492772340775,0,-83,-55,
871,0,,,,-0.43388423323631,-0.90096861124039,0,-86,-51,
875,0,,,,-0.62349045276642,-0.78183096647263,0,-87,-49,
878,0,,,,-0.78183060884476,-0.62349092960358,0,-89,-46,
881,0,,,,-0.90096861124039,-0.43388432264328,0,-91,-42,6
885,0,,,,-0.90096861124039,-0.43388432264328,0,-93,-38,
888,0,,,,-0.90096861124039,-0.43388432264328,0,-94,-33,
891,0,,,,-0.90096861124039,-0.43388432264328,0,-96,-29,
895,0,,,,-0.90096861124039,-0.43388432264328,0,,-26,
898,0,,,,-0.90096861124039,-0.43388432264328,0,-97,-23,
901,0,,,,-0.90096861124039,-0.43388432264328,0,-98,-20,
905,0,,,,-0.90096861124039,-0.43388432264328,0,,-18,
908,0,,,,-0.90096861124039,-0.43388432264328,0,-99,-16,
911,0,,,,-0.90096861124039,-0.43388432264328,0,,-14,
915,0,,,,-0.90096861124039,-0.43388432264328,0,,-12,5
918,0,,,,-0.90096861124039,-0.43388432264328,0,,-9,
921,0,,,,-0.90096861124039,-0.43388432264328,0,-100,-6,
925,0,,,,-0.90096861124039,-0.43388432264328,0,,-2,
928,0,,,,-0.90096861124039,-0.43388432264328,0,,-1,
931,0,,,,-0.90096861124039,-0.43388432264328,0,,1,
935,0,,,,-0.90096861124039,-0.43388432264328,0,,2,4
938,0,,,,-0.90096861124039,-0.43388432264328,0,,4,
941,0,,,,-0.90096861124039,-0.43388432264328,0,,5,
945,0,,,,-0.90096861124039,-0.43388432264328,0,,6,
948,0,,,,-0.90096861124039,-0.43388432264328,0,,8,
951,0,,,,-0.90096861124039,-0.43388432264328,0,,,
955,0,,,,-0.90096861124039,-0.43388432264328,0,-99,10,
958,0,,,,-0.90096861124039,-0.43388432264328,0,,12,
961,0,,,,-0.90096861124039,-0.43388432264328,0,,,
965,0,,,,-0.90096861124039,-0.43388432264328,0,,,
968,0,,,,-0.90096861124039,-0.43388432264328,0,,,
971,0,,,,-0.90096861124039,-0.43388432264328,0,,,
975,0,,,,-0.90096861124039,-0.43388432264328,0,,,
978,0,,,,-0.90096861124039,-0.43388432264328,0,,,
981,0,,,,-0.90096861124039,-0.43388432264328,0,,11,
985,0,514,,,-0.90096861124039,-0.43388432264328,0,,,
988,0,512,,,-0.9683324098587,-0.24966439604759,0,,10,3
991,0,509,-102,,-0.99843978881836,-0.05583867430687,0,,,
995,0,504,,,-0.99515634775162,0.098304659128189,0,,,
998,0,499,-101,,-0.99515634775162,0.098304659128189,0,,,
1001,0,493,,,-0.99515634775162,0.098304659128189,0,,,
1005,0,485,-100,,-0.99524158239365,0.097437895834446,0,-100,9,2
1008,0,478,-99,,-0.99610507488251,0.088174045085907,0,,8,
1011,0,470,,,-0.99660521745682,0.082328639924526,0,,,
1015,0,463,-98,,-0.99667656421661,0.081460624933243,0,,,
1018,0,455,,,-0.99667656421661,0.081460624933243,0,,,
1021,0,448,-97,,-0.99667656421661,0.081460624933243,0,,,
1025,0,441,-96,,-0.99667656421661,0.081460624933243,0,,,
1028,0,434,,-57,-0.99667656421661,0.081460624933243,0,,,
1031,0,426,-95,-56,-0.99667656421661,0.081460624933243,0,,,
1035,0,419,,-54,-0.99667656421661,0.081460624933243,0,,,
1038,0,412,-94,-53,-0.99667656421661,0.081460624933243,0,,,
1041,0,404,-93,-51,-0.99667656421661,0.081460624933243,0,,,1
1045,0,397,,-49,-0.99696856737137,0.077805392444134,,,7,0
1048,0,390,-92,-48,-0.99732476472855,0.073097929358482,0,,,-1
1051,0,383,,-46,-0.99773645401001,0.067245632410049,0,,,
1055,0,375,-91,-45,-0.99785208702087,0.065507583320141,0,,,
1058,0,368,,-43,-0.99785208702087,0.065507590770721,0,,6,
1061,0,361,-90,-42,-0.99790877103806,0.064638487994671,0,,,-2
1065,0,353,,-40,-0.99796468019485,0.063769347965717,0,,,
1068,0,346,-89,-39,-0.99819177389145,0.06010951474309,0,,,-3
1071,0,338,,,-0.99840551614761,0.056448869407177,0,,,
1075,0,331,,,-0.99845427274704,0.055579293519258,0,,5,
1078,0,323,-88,,-0.99850231409073,0.054709672927856,0,,,
1081,0,316,,,-0.99854958057404,0.053840015083551,0,,,
1085,0,308,-87,-40,-0.99854958057404,0.053840015083551,0,,,-4
1088,0,301,,,-0.99864184856415,0.052100572735071,0,,,
1091,0,293,,,-0.99864184856415,0.052100572735071,0,,,
1095,0,286,-86,,-0.99868685007095,0.051230795681477,0,,,
1098,0,278,,,-0.99873107671738,0.050360973924398,0,,,
1101,0,271,-85,,-0.99873107671738,0.050360973924398,0,,,
1105,0,263,,,-0.99873107671738,0.050360973924398,0,,,
1108,0,256,,,-0.99873107671738,0.050360973924398,0,,,
1111,0,248,-84,,-0.99873107671738,0.050360973924398,0,,,
1115,0,241,,,-0.99873107671738,0.050360973924398,0,,,
1118,0,233,,,-0.99873107671738,0.050360973924398,0,,,
1121,0,226,-83,,-0.99873107671738,0.050360973924398,0,,,
1125,0,218,,,-0.99873107671738,0.050360973924398,0,,,
1128,0,211,-82,,-0.99873107671738,0.050360973924398,0,,,
1131,0,203,,,-0.99877458810806,0.049491118639708,0,,,
1135,0,196,,,-0.99885922670364,0.047751292586327,0,,,-5
1138,0,188,-81,,-0.99894094467163,0.046011321246624,0,,,
1141,0,181,,,-0.99898064136505,0.045141283422709,0,,,
1145,0,174,,,-0.99898064136505,0.045141283422709,0,,4,
1148,0,166,-80,,-0.99901956319809,0.04427121207118,0,,,
1151,0,159,,,-0.99909514188766,0.042530968785286,0,,,-6
1155,0,151,,,-0.99924439191818,0.038867130875587,0,,,
1158,0,144,-79,,-0.99931055307388,0.037126500159502,0,,,
1161,0,136,,,-0.99931055307388,0.037126500159502,0,,,
1165,0,129,,,-0.99931055307388,0.037126500159502,0,,,
1168,0,121,,,-0.99931055307388,0.037126500159502,0,,,
1171,0,114,-78,,-0.99934250116348,0.036256145685911,0,,3,
1175,0,106,,,-0.99940419197083,0.034515351057053,0,,,
1178,0,99,,,-0.99952399730682,0.030850434675813,0,,,-7
1181,0,91,,,-0.99957621097565,0.029109330847859,0,,,
1185,0,84,-77,,-0.99965131282806,0.026405993849039,0,,2,
1188,0,76,,,-0.99969577789307,0.024664673954248,0,,,
1191,0,69,,,-0.99969577789307,0.024664673954248,0,,,
1195,0,61,,,-0.99969577789307,0.024664673954248,0,,,
1198,0,54,,,-0.99969577789307,0.024664673954248,0,,,
1201,0,46,,,-0.99969577789307,0.024664673954248,0,,,
1205,0,39,-76,,-0.99969577789307,0.024664673954248,0,,,
1208,0,31,,,-0.99969577789307,0.024664673954248,0,,,
1211,0,24,,,-0.99969577789307,0.024664673954248,0,,,
1215,0,16,,,-0.99969577789307,0.024664673954248,0,,,
1218,0,9,,,-0.99969577789307,0.024664673954248,0,,,
1221,0,1,-75,,-0.99969577789307,0.024664673954248,0,,,
1225,0,-6,,,-0.99969577789307,0.024664673954248,0,,,
1228,0,-14,,,-0.99969577789307,0.024664673954248,0,,,
1231,0,-21,,,-0.99969577789307,0.024664673954248,0,,,
1235,0,-29,,,-0.99969577789307,0.024664673954248,0,,,
1238,0,-36,-74,,-0.99969577789307,0.024664673954248,0,,,
1242,0,-44,,,-0.99969577789307,0.024664673954248,0,,,
1245,0,-51,,,-0.99969577789307,0.024664673954248,0,,,
1248,0,-59,,,-0.99969577789307,0.024664673954248,0,,,
1251,0,-66,,,-0.99969577789307,0.024664673954248,0,,,
1255,0,-74,,,-0.99969577789307,0.024664673954248,0,,,
1258,0,-81,-73,,-0.99969577789307,0.024664673954248,0,,,
1261,0,-89,,,-0.99969577789307,0.024664673954248,0,,,
1265,0,-96,,,-0.99969577789307,0.024664673954248,0,,,
1268,0,-104,,,-0.99969577789307,0.024664673954248,0,,,
1271,0,-111,,,-0.99969577789307,0.024664673954248,0,,,
1275,0,-119,-72,,-0.99969577789307,0.024664673954248,0,,,
1278,0,-126,,,-0.99973720312119,0.022923283278942,0,,,
1281,0,-134,,,-0.99975681304932,0.022052558138967,0,,,
1285,0,-141,,,-0.99975681304932,0.022052558138967,0,,,
1288,0,-149,,,-0.99975681304932,0.022052558138967,0,,,-8
1291,0,-156,,,-0.99977564811707,0.021181819960475,0,,,
1295,0,-164,-71,,-0.99979370832443,0.020311063155532,0,,,
1298,0,-171,,,-0.99979370832443,0.020311063155532,0,,,
1301,0,-179,,,-0.99979370832443,0.020311063155532,0,,,
1305,0,-186,,,-0.99979370832443,0.020311063155532,0,,,
1308,0,-194,,,-0.99979370832443,0.020311063155532,0,,,
1311,0,-201,,,-0.99979370832443,0.020311063155532,0,,,
1315,0,-209,,,-0.99979370832443,0.020311063155532,0,,,
1318,0,-216,-70,,-0.99979370832443,0.020311063155532,0,,,
1321,0,-224,,-41,-0.99979370832443,0.020311063155532,0,,,
1325,0,-231,,-42,-0.99979370832443,0.020311063155532,0,,,
1328,0,-239,,-43,-0.99979370832443,0.020311063155532,0,,,
1331,0,-246,,-45,-0.99979370832443,0.020311063155532,0,,,
1335,0,-254,,-47,-0.99979370832443,0.020311063155532,0,,,
1338,0,-261,,-50,-0.99979370832443,0.020311063155532,0,,,
1341,0,-269,-69,-52,-0.99979370832443,0.020311063155532,0,,,
1345,0,-276,,-54,-0.99979370832443,0.020311063155532,0,,,
1348,0,-284,,-55,-0.99982929229736,0.018477968871593,0,,-2,-9
1351,0,-291,,-57,-0.99986082315445,-0.016682652756572,0,-99,-7,
1355,0,-298,-70,-58,-0.99719613790512,-0.074832126498222,0,-98,-14,-10
1358,0,-305,-71,-59,-0.98935240507126,-0.14553965628147,0,-96,-26,-11
1361,0,-313,-73,,-0.96621316671371,-0.25774437189102,0,-89,-44,
1365,0,-320,-76,,-0.89731281995773,-0.44139516353607,0,-79,-60,-12
1368,0,-326,-80,,-0.79443603754044,-0.60734784603119,0,-60,-79,-14
1371,0,-332,-84,,-0.6605960726738,-0.75074148178101,0,-20,-97,
1375,0,-336,-89,,-0.50133979320526,-0.86525040864944,0,,,
1378,0,-340,-95,,-0.32279458642006,-0.94646900892258,0,-1,-99,
1381,0,-343,-102,,-0.13182984292507,-0.99127233028412,0,5,,
1385,0,-345,-108,,0.05406604334712,-0.99853736162186,0,10,-98,
1388,0,-346,-115,,0.10564509779215,-0.99440389871597,0,15,,
1391,0,,-122,,0.15566305816174,-0.98781019449234,0,19,-97,
1395,0,-344,-130,,0.18731066584587,-0.98230069875717,0,23,-96,
1398,0,-343,-137,,0.2328417301178,-0.97251462936401,0,26,,
1401,0,-341,-144,,0.26395824551582,-0.96453410387039,0,27,-95,
1405,0,-339,-151,,0.27165076136589,-0.96239590644836,0,25,-96,-13
1408,0,-337,-159,,0.24844704568386,-0.96864545345306,0,21,-97,
1411,0,-335,-166,,0.2129492610693,-0.97706323862076,0,12,-98,-14
1415,0,-334,-173,,0.12457160651684,-0.99221062660217,0,0,-99,-15
1418,0,,-181,,0.0033817344810814,-0.9999942779541,0,-3,,
1421,0,-335,-188,,-0.029189242050052,-0.9995738863945,0,-4,,
1425,0,,-196,,-0.045028228312731,-0.99898570775986,0,-5,,
1428,0,,-203,,-0.047912832349539,-0.99885153770447,0,,,
1431,0,-336,-211,,-0.047912832349539,-0.99885153770447,0,,,
1435,0,,-218,,-0.051941365003586,-0.99865013360977,0,-6,,
1438,0,,-226,,-0.061743050813675,-0.99809205532074,0,,,
1441,0,-337,-233,,-0.061743050813675,-0.99809205532074,0,,,
1445,0,,-241,,-0.061743050813675,-0.99809205532074,0,,,
1448,0,-338,-248,,-0.061743050813675,-0.99809205532074,0,,,
1451,0,,-256,,-0.061743050813675,-0.99809205532074,0,,,
1455,0,-339,-263,,-0.061743050813675,-0.99809205532074,0,,,
1458,0,,-271,,-0.063572891056538,-0.99797719717026,0,,,
1461,0,-340,-278,,-0.064441807568073,-0.99792146682739,0,,,
1465,0,,-286,,-0.064441807568073,-0.99792146682739,0,-7,,
1468,0,-341,-293,,-0.06627132743597,-0.99780166149139,0,,,
1471,0,,-301,,-0.072124257683754,-0.99739563465118,0,-8,,
1475,0,-342,-308,,-0.076832309365273,-0.99704402685165,0,,-98,
1478,0,,-316,,-0.081538647413254,-0.99667018651962,0,,,
1481,0,-343,-323,,-0.083365835249424,-0.99651902914047,0,,,
1485,0,-344,-331,,-0.083365835249424,-0.99651902914047,0,,,
1488,0,,-338,,-0.083365835249424,-0.99651902914047,0,,,
1491,0,-345,-346,,-0.083365835249424,-0.99651902914047,0,,,
1495,0,-346,-353,,-0.083365835249424,-0.99651902914047,0,,,
1498,0,,-361,,-0.083365835249424,-0.99651902914047,0,,,
1501,0,-347,-368,,-0.083365835249424,-0.99651902914047,0,,,
1505,0,,-375,,-0.083365835249424,-0.99651902914047,0,,,
1508,0,-348,-383,,-0.083365835249424,-0.99651902914047,0,,,
1511,0,-349,-390,,-0.083365835249424,-0.99651902914047,0,,,
1515,0,,-398,,-0.083365835249424,-0.99651902914047,0,,,
1518,0,-350,-405,,-0.083365835249424,-0.99651902914047,0,,,
1521,0,-351,-413,,-0.083365835249424,-0.99651902914047,0,,,
1525,0,,-420,,-0.083365835249424,-0.99651902914047,0,,,
1528,0,-352,-428,,-0.083365835249424,-0.99651902914047,0,,,
1531,0,,-435,,-0.083365835249424,-0.99651902914047,0,,,
1535,0,-353,-443,,-0.083365835249424,-0.99651902914047,0,,,
1538,0,-354,-450,,-0.083365835249424,-0.99651902914047,0,,,
1541,0,,-458,,-0.083365835249424,-0.99651902914047,0,,,
1545,0,-355,-465,,-0.083365835249424,-0.99651902914047,0,,,
1548,0,-356,-473,,-0.083365835249424,-0.99651902914047,0,,,
1551,0,,-480,,-0.083365835249424,-0.99651902914047,0,,,
1555,0,-357,-488,,-0.083365835249424,-0.99651902914047,0,,,
1558,0,,-495,,-0.083365835249424,-0.99651902914047,0,,,
1561,0,-358,-503,-60,-0.083365835249424,-0.99651902914047,0,,,
1565,0,-359,-510,-61,-0.083365835249424,-0.99651902914047,0,,,
1568,0,,-517,-63,-0.083365835249424,-0.99651902914047,0,,,
1571,0,-360,-525,-64,-0.083365835249424,-0.99651902914047,0,,,
1575,0,-361,-532,-67,-0.083365835249424,-0.99651902914047,0,,,
1578,0,,-540,-69,-0.083365835249424,-0.99651902914047,0,,,
1581,0,-362,-547,-72,-0.083365835249424,-0.99651902914047,0,,,
1585,0,,-555,-74,-0.083365835249424,-0.99651902914047,0,,,
1588,0,-363,-562,-76,-0.083365835249424,-0.99651902914047,0,,,
1591,0,-364,-570,-77,-0.083365835249424,-0.99651902914047,0,,,
1595,0,,-577,-79,-0.083365835249424,-0.99651902914047,0,,,
1598,0,-365,-584,-81,-0.083365835249424,-0.99651902914047,0,-9,,
1601,0,,-592,-82,-0.087019383907318,-0.9962066411972,0,,,
1605,0,-366,-599,-84,-0.093912281095982,-0.99558049440384,0,-10,,
1608,0,-367,-606,-86,-0.099660605192184,-0.99502146244049,0,,,-14
1611,0,-368,-613,-87,-0.1043571382761,-0.99453991651535,0,-11,,
1615,0,,-621,-89,-0.10905134677887,-0.99403613805771,0,,,
1618,0,-369,-628,-91,-0.10905134677887,-0.99403613805771,0,,,
1621,0,-370,-635,-93,-0.10905134677887,-0.99403613805771,0,,,
1625,0,-371,-642,-94,-0.10905134677887,-0.99403613805771,0,,,
1628,0,-372,-650,-96,-0.10905134677887,-0.99403613805771,0,,,
1631,0,,-657,-98,-0.10905134677887,-0.99403613805771,0,,,
1635,0,-373,-664,-99,-0.10905134677887,-0.99403613805771,0,,,
1638,0,-374,-672,-101,-0.10905134677887,-0.99403613805771,0,,,
1641,0,-375,-679,-103,-0.10905134677887,-0.99403613805771,0,,,
1645,0,-376,-686,-104,-0.10905134677887,-0.99403613805771,0,,,
1648,0,,-693,-106,-0.10905134677887,-0.99403613805771,0,,,
1651,0,-377,-701,-108,-0.10905134677887,-0.99403613805771,0,,,
1655,0,-378,-708,-109,-0.10905134677887,-0.99403613805771,0,,,
1658,0,-379,-715,-111,-0.10905134677887,-0.99403613805771,0,,,
1661,0,-380,-722,-113,-0.10905134677887,-0.99403613805771,0,,,
1665,0,,-730,-114,-0.10818579792976,-0.99413067102432,0,-10,,
1668,0,-381,-737,-116,-0.10130258649588,-0.99485564231873,0,-9,-99,
1671,0,-382,-744,-118,-0.090718299150467,-0.99587661027908,0,-7,,-15
1675,0,,-751,-120,-0.069661401212215,-0.99757069349289,0,-3,,
1678,0,-384,-758,-121,-0.032964918762445,-0.99945652484894,0,1,,
1681,0,-386,-765,-123,0.0097225680947304,-0.99995273351669,0,5,,
1685,0,-390,-770,-124,0.053684175014496,-0.99855798482895,0,10,-98,
1688,0,-394,-776,-125,0.098829336464405,-0.99510437250137,0,14,,
1691,0,-398,-782,-127,0.13804227113724,-0.99042636156082,0,17,-97,-14
1695,0,-401,-788,-128,0.17264643311501,-0.98498386144638,0,20,,
1698,0,-405,-794,-129,0.20558626949787,-0.97863900661469,0,24,-96,
1701,0,-408,-800,-131,0.23973613977432,-0.97083806991577,0,27,-95,
1705,0,-411,-806,-132,0.2707653939724,-0.96264535188675,0,31,-94,
1708,0,-414,-813,-134,0.31037551164627,-0.95061403512955,0,34,-93,
1711,0,-416,-819,-135,0.34347951412201,-0.93916016817093,0,37,-92,
1715,0,-419,-826,-137,0.37775114178658,-0.92590713500977,0,40,-90,
1718,0,-421,-832,-138,0.4072959125042,-0.91329628229141,0,42,,
1721,0,-423,-839,-140,0.42297470569611,-0.90614151954651,0,44,-89,
1725,0,-424,-846,-141,0.4396425485611,-0.89817279577255,0,45,-88,
1728,0,-426,-852,-143,0.45848885178566,-0.88870018720627,0,47,-87,
1731,0,-428,-859,-145,0.472620844841,-0.88126587867737,0,48,,
1735,0,-429,-866,-146,0.48426029086113,-0.87492400407791,0,49,-86,-13
1738,0,-431,-873,-148,0.49696826934814,-0.8677687048912,0,50,-85,
1741,0,-432,-879,-149,0.50837898254395,-0.86113345623016,0,52,-84,-12
1745,0,-433,-886,-151,0.52645599842072,-0.85020238161087,0,55,-83,
1748,0,-434,-893,-152,0.54877233505249,-0.83597183227539,0,57,-82,-11
1751,0,-435,-900,-154,0.57184588909149,-0.82036107778549,0,59,-80,-10
1755,0,-436,-907,-156,0.57184588909149,-0.82036107778549,0,60,-79,-9
1758,0,,-914,-157,0.60667878389359,-0.79494708776474,0,63,-77,-8
1761,0,-437,-921,-159,0.63187497854233,-0.77507030963898,0,66,-75,-7
1765,0,,-927,-160,0.6598271727562,-0.75141739845276,0,69,-72,-6
1768,0,-436,-934,-162,0.68991810083389,-0.72388744354248,0,71,-70,-5
1771,0,,-941,-164,0.70892268419266,-0.70528620481491,0,72,-69,-4
1775,0,-435,-948,-165,0.72097194194794,-0.69296425580978,0,73,-68,
1778,0,,-955,-167,0.73005586862564,-0.68338745832443,0,74,-67,-3
1781,0,-434,-962,-168,0.74344086647034,-0.66880166530609,0,76,-65,-2
1785,0,-433,-969,-170,0.76360154151917,-0.64568781852722,0,78,-63,-1
1788,0,-432,-976,-172,0.77871996164322,-0.62737166881561,0,81,-58,1
1791,0,-430,-982,-173,0.81164371967316,-0.58415281772614,0,82,-57,2
1795,0,-429,-989,-175,0.82453638315201,-0.56580895185471,0,83,-56,3
1798,0,-427,-996,-176,0.82853525876999,-0.55993688106537,0,,,
1801,0,-425,-1002,-178,0.8305829167366,-0.5568950176239,0,,-55,4
1805,0,-423,-1009,-179,0.83441740274429,-0.55113303661346,0,84,-54,5
1808,0,-422,-1016,-181,0.83950924873352,-0.54334539175034,0,,-53,
1811,0,-420,-1022,-183,0.84452837705612,-0.53551077842712,0,85,,6
1815,0,-418,-1029,-184,0.84882092475891,-0.52868050336838,0,,-52,7
1818,0,-416,-1036,-186,0.85301488637924,-0.52188658714294,0,86,-51,8
1821,0,-414,-1042,-187,0.85982918739319,-0.51058179140091,0,,-50,9
1825,0,-411,-1049,-189,0.86516380310059,-0.50148940086365,0,,-49,
1828,0,-409,-1055,-190,0.86861401796341,-0.49548935890198,0,87,,10
1831,0,-407,-1062,-192,0.87094360589981,-0.49138295650482,0,,,
1835,0,-405,-1069,-193,0.87273961305618,-0.48818603157997,0,,-48,
1838,0,-402,-1074,-195,0.8751232624054,-0.48390001058578,0,88,-47,11
1841,0,-398,-1080,-196,0.88268285989761,-0.46996906399727,0,,-45,
1845,0,-393,-1085,-197,0.88941407203674,-0.45710241794586,0,,,
1848,0,-387,-1089,-198,0.89073032140732,-0.45453214645386,0,,,
1851,0,-380,-1092,-199,0.89073032140732,-0.45453214645386,0,,,
1855,0,-374,-1095,-200,0.89073032140732,-0.45453214645386,0,,,
1858,0,-367,-1099,,0.89073032140732,-0.45453214645386,0,,,
1861,0,-360,-1102,-201,0.89073032140732,-0.45453214645386,0,89,,
1865,0,-354,-1106,-202,0.89073032140732,-0.45453214645386,0,,,12
1868,0,-347,-1109,-203,0.89073032140732,-0.45453214645386,0,,,
1871,0,-341,-1112,-204,0.89073032140732,-0.45453214645386,0,,,
1875,0,-334,-1116,,0.89073032140732,-0.45453214645386,0,,,
1878,0,-327,-1119,-205,0.89073032140732,-0.45453214645386,0,,,
1881,0,-321,-1122,-206,0.89073032140732,-0.45453214645386,0,,,
1885,0,-314,-1126,-207,0.89073032140732,-0.45453214645386,0,,,
1888,0,-307,-1129,,0.89073032140732,-0.45453214645386,0,,,
1891,0,-301,-1132,-208,0.89073032140732,-0.45453214645386,0,,,
1895,0,-294,-1136,-209,0.89073032140732,-0.45453214645386,0,,,
1898,0,-287,-1139,-210,0.89073032140732,-0.45453214645386,0,,,
1902,0,-281,-1142,-211,0.89073032140732,-0.45453214645386,0,,,
1905,0,-274,-1146,,0.89073032140732,-0.45453214645386,0,,,11
1908,0,-268,-1149,-212,0.89073032140732,-0.45453214645386,0,,,
1911,0,-265,-1153,-210,0.89073032140732,-0.45453214645386,0,,,
1915,0,-261,-1156,-208,0.89073032140732,-0.45453214645386,0,,,
1918,0,-257,-1159,-206,0.89073032140732,-0.45453214645386,0,,,
1921,0,-253,-1162,-205,0.89073032140732,-0.45453214645386,0,,,
1925,0,-249,-1165,-204,0.89073032140732,-0.45453214645386,0,,,
1928,0,-245,-1168,,0.89073032140732,-0.45453214645386,0,,,
1931,0,-240,-1171,,0.89073032140732,-0.45453214645386,0,,,
1935,0,-236,-1174,,0.89073032140732,-0.45453214645386,0,,,
1938,0,-231,-1177,-205,0.89073032140732,-0.45453214645386,0,,,
1941,0,-227,-1180,-206,0.89073032140732,-0.45453214645386,0,,,
1945,0,-222,-1183,-207,0.89073032140732,-0.45453214645386,0,,,
1948,0,-217,-1187,-209,0.89073032140732,-0.45453214645386,0,,,
1951,0,-212,-1190,-211,0.89073032140732,-0.45453214645386,0,,,
1955,0,-206,-1193,-213,0.89073032140732,-0.45453214645386,0,,,
1958,0,-201,-1196,-216,0.89073032140732,-0.45453214645386,0,,,
1961,0,-196,-1199,-219,0.89073032140732,-0.45453214645386,0,,,
1965,0,-190,-1202,-223,0.89073032140732,-0.45453214645386,0,,,
1968,0,-184,-1206,-227,0.89073032140732,-0.45453214645386,0,,,
1972,0,-179,-1209,-231,0.89073032140732,-0.45453214645386,0,,,
1975,0,-173,-1212,-235,0.89073032140732,-0.45453214645386,0,,,
1978,0,-167,-1215,-240,0.89073032140732,-0.45453214645386,0,,,
1981,0,-161,-1219,-243,0.89073032140732,-0.45453214645386,0,,,
1985,0,-154,-1221,,0.89073032140732,-0.45453214645386,0,,,
1988,0,-148,-1222,,0.89282512664795,-0.45040354132652,0,,,
1991,0,-141,,,0.89282512664795,-0.45040354132652,0,,,
1995,0,-135,-1221,,0.89203941822052,-0.45195764303207,0,,,
1998,0,-128,-1220,,0.89125102758408,-0.45351034402847,0,,,
2002,0,-121,-1218,,0.89002138376236,-0.45591875910759,0,88,-46,10
2005,0,-114,-1216,,0.8878590464592,-0.46011561155319,0,,,
2008,0,-107,-1214,,0.88465315103531,-0.46624967455864,0,,-47,
2012,0,-100,-1213,,0.88338911533356,-0.46864020824432,0,,,
2015,0,-93,-1211,,0.88211864233017,-0.47102728486061,0,,,
2018,0,-86,-1209,,0.88129705190659,-0.47256270051003,0,,,
2022,0,-80,-1208,,0.88047277927399,-0.47409668564796,0,,,
2025,0,-73,-1206,,0.88047277927399,-0.47409668564796,0,,,9
2028,0,-66,-1204,,0.87964588403702,-0.47562924027443,0,,,
2032,0,-59,-1203,,0.87923139333725,-0.47639495134354,0,,-48,
2035,0,-52,-1201,,0.87881624698639,-0.4771603345871,0,87,,
2038,0,-45,-1200,,0.8779399394989,-0.47877076268196,0,,,
2042,0,-38,,,0.87617844343185,-0.48198685050011,0,,-49,
2045,0,-31,-1198,-242,0.87333559989929,-0.48711904883385,0,86,-50,7
2048,0,-24,-1197,-241,0.86680221557617,-0.49865210056305,0,,-51,6
2052,0,-17,-1195,-240,0.86145091056824,-0.50784087181091,0,,,5
2055,0,-11,-1194,-239,0.85732609033585,-0.51477372646332,0,85,-52,
2058,0,-4,-1193,-238,0.85374271869659,-0.52069514989853,0,,-53,3
2062,0,3,-1191,-237,0.8494661450386,-0.52764314413071,0,,,
2065,0,10,-1190,-236,0.84579384326935,-0.53350985050201,0,84,-54,2
2068,0,17,-1189,-235,0.84208106994629,-0.53935098648071,0,,-55,1
2072,0,24,-1188,,0.83770269155502,-0.54612654447556,,83,,0
2075,0,31,-1187,-234,0.83453458547592,-0.55095553398132,0,,-56,-1
2078,0,38,-1186,-233,0.82862895727158,-0.55979818105698,0,82,-57,-2
2082,0,45,-1185,,0.81965243816376,-0.57286113500595,0,81,-58,-3
2085,0,52,,-232,0.8119705915451,-0.58369833230972,0,,-59,
2088,0,59,-1184,,0.80791121721268,-0.58930420875549,0,80,,
2092,0,66,-1183,-231,0.80449426174164,-0.59396040439606,0,,-60,-4
2095,0,73,,,0.80036407709122,-0.59951430559158,0,79,-61,-5
2098,0,81,-1182,-230,0.7947513461113,-0.60693520307541,0,,,-6
2102,0,88,,,0.79053151607513,-0.61242139339447,0,78,-62,
2105,0,95,-1181,,0.78556537628174,-0.61877864599228,0,,,-7
2108,0,102,,,0.78323417901993,-0.62172675132751,0,,,-8
2112,0,109,,-229,0.78269255161285,-0.62240850925446,0,,,
2115,0,116,-1180,,0.78215032815933,-0.62308973073959,0,,,
2118,0,123,,,0.78160750865936,-0.62377053499222,0,,,
2122,0,130,-1179,-228,0.78052008152008,-0.62513071298599,0,,,-9
2125,0,137,,,0.77943027019501,-0.62648898363113,0,77,-63,
2128,0,144,,,0.77773332595825,-0.62859439849854,0,,,
2132,0,151,-1178,,0.7760306596756,-0.63069522380829,0,,,
2135,0,158,,,0.77487301826477,-0.63211691379547,0,,,-10
2138,0,165,,-227,0.77377110719681,-0.63346529006958,0,,,
2142,0,173,,,0.77138483524323,-0.63636898994446,0,76,-64,
2145,0,180,-1177,,0.76763796806335,-0.64088374376297,0,,,
2148,0,187,,,0.76460367441177,-0.64450079202652,0,75,-65,-11
2152,0,194,,,0.75770729780197,-0.65259456634521,0,74,-66,
2155,0,201,,,0.74719029664993,-0.6646101474762,0,73,-67,
2158,0,208,,,0.73476761579514,-0.67831891775131,0,72,-69,
2162,0,215,,,0.72296875715256,-0.69088077545166,0,70,-70,
2165,0,222,-1178,,0.70915073156357,-0.70505690574646,0,69,-71,
2168,0,229,,-228,0.69689482450485,-0.7171733379364,0,68,-72,
2172,0,236,-1179,,0.6892294883728,-0.72454309463501,0,,,
2175,0,243,-1180,-229,0.68496680259705,-0.72857427597046,0,,,
2178,0,250,,,0.68433213233948,-0.7291704416275,0,,-73,
2182,0,257,-1181,-230,0.68235790729523,-0.73101830482483,0,,,
2185,0,265,-1182,,0.68172115087509,-0.73161214590073,0,,,
2188,0,272,,-231,0.68044602870941,-0.73279815912247,0,67,,
2192,0,279,-1183,,0.67846196889877,-0.73463553190231,0,,,
2195,0,286,-1184,-232,0.67576360702515,-0.73711842298508,0,,,
2198,0,293,,,0.67305612564087,-0.73959141969681,0,,-74,
2202,0,300,-1185,-233,0.6717671751976,-0.74076235294342,0,,,
2205,0,307,,-235,0.67112195491791,-0.74134701490402,0,,,
2208,0,314,-1186,-237,0.67112195491791,-0.74134695529938,0,,,
2212,0,321,,-239,0.66982990503311,-0.74251455068588,0,66,,
2215,0,328,-1187,-242,0.66381824016571,-0.74789392948151,0,65,-75,
2218,0,335,-1188,-244,0.66381824016571,-0.74789392948151,0,64,-76,
2222,0,342,-1189,-246,0.64783364534378,-0.76178181171417,0,,,
2225,0,348,-1190,-248,0.64577132463455,-0.76353085041046,0,,,
2228,0,355,-1191,-250,0.64444071054459,-0.76465427875519,0,,,
2232,0,362,-1192,-252,0.64310812950134,-0.76577538251877,0,,,
2235,0,369,-1193,-253,0.64244115352631,-0.76633501052856,0,,,
2238,0,376,-1194,-254,0.64244115352631,-0.76633501052856,0,,,
2242,0,383,-1195,-255,0.64110571146011,-0.7674525976181,0,,,
2245,0,390,-1196,-256,0.64110571146011,-0.7674525976181,0,,,
2248,0,397,-1197,-257,0.64043724536896,-0.7680104970932,0,,,
2252,0,404,-1198,-258,0.63902801275253,-0.76918345689774,0,63,-77,
2255,0,411,-1199,,0.63368904590607,-0.77358788251877,0,62,,
2258,0,417,-1200,-259,0.62831962108612,-0.7779552936554,0,,-78,
2262,0,424,-1201,-260,0.62292021512985,-0.78228539228439,0,61,,
2265,0,431,-1203,-261,0.61651712656021,-0.78734147548676,0,,-79,
2269,0,438,-1204,-262,0.61279308795929,-0.79024338722229,0,,,
2272,0,445,-1205,-263,0.61065393686295,-0.7918975353241,0,,,
2275,0,452,-1207,-264,0.6099641919136,-0.79242897033691,0,60,,
2278,0,459,-1208,,0.60858333110809,-0.79348993301392,0,,,
2282,0,466,-1209,-265,0.60720062255859,-0.79454857110977,0,,,
2285,0,473,-1211,-266,0.60252857208252,-0.79809731245041,0,59,-80,
2289,0,480,-1212,-267,0.59507668018341,-0.80366891622543,0,58,-81,
2292,0,487,-1214,-268,0.58229064941406,-0.81298071146011,0,56,-82,
2295,0,493,-1215,-269,0.56603163480759,-0.82438349723816,0,55,-83,
2299,0,500,-1217,,0.55394899845123,-0.83255058526993,0,54,-84,
2302,0,507,-1219,-270,0.54174852371216,-0.84054058790207,0,52,-85,
2305,0,514,-1221,-271,0.52500337362289,-0.85110014677048,0,51,-86,
2308,0,521,-1223,-272,0.50914257764816,-0.86068218946457,0,50,,
2312,0,527,-1225,-273,0.50111240148544,-0.86538219451904,0,49,-87,
2315,0,534,-1228,-274,0.48964619636536,-0.87192124128342,0,47,,
2319,0,540,-1230,,0.47687843441963,-0.87896925210953,0,46,-88,
2322,0,547,-1233,-275,0.461659938097,-0.8870570063591,0,45,-89,
2325,0,554,-1235,-276,0.44754263758659,-0.894262611866,0,43,-90,
2328,0,560,-1238,-277,0.43206492066383,-0.90184253454208,0,42,,
2332,0,567,-1241,-278,0.41760951280594,-0.90862661600113,0,40,-91,
2335,0,573,-1244,,0.40679416060448,-0.91351985931396,0,,,
2339,0,579,-1247,-279,0.39827683568001,-0.91726529598236,0,39,,
2342,0,586,-1250,-280,0.39394181966782,-0.91913539171219,0,,-92,
2345,0,592,-1253,-281,0.38959807157516,-0.92098498344421,0,38,,
2349,0,599,-1256,-282,0.38613384962082,-0.92244273424149,0,,,
2352,0,605,-1259,,0.38363802433014,-0.92348355054855,0,,,
2355,0,611,-1262,-283,0.37829813361168,-0.92568379640579,0,37,,
2358,0,617,-1265,-284,0.3672830760479,-0.93010920286179,0,35,-93,
2362,0,624,-1268,-285,0.34998527169228,-0.93675518035889,0,33,-94,
2365,0,630,-1272,,0.33137312531471,-0.94349980354309,0,31,-95,
2369,0,636,-1275,-286,0.31013658642769,-0.95069199800491,0,29,,
2372,0,642,-1279,-287,0.29370683431625,-0.95589554309845,0,28,,
2375,0,648,-1282,-288,0.27979564666748,-0.9600595831871,0,26,-96,
2378,0,654,-1283,,0.26320895552635,-0.9647388458252,0,25,,
2382,0,661,-1284,-289,0.2477707862854,-0.96881866455078,0,23,-97,
2385,0,667,-1283,-290,0.2336156219244,-0.97232902050018,0,22,,
2389,0,673,-1282,,0.22205705940723,-0.97503370046616,0,21,,
2392,0,680,-1280,,0.21297535300255,-0.9770575761795,0,,,
2395,0,686,-1279,,0.20836013555527,-0.97805219888687,0,20,,
2399,0,693,-1277,,0.20571458339691,-0.9786120057106,0,,,
2402,0,699,-1276,,0.20306754112244,-0.9791647195816,0,,,
2405,0,706,-1275,,0.19947569072247,-0.97990280389786,0,19,-98,
2408,0,713,-1273,,0.19034966826439,-0.98171633481979,0,18,,
2412,0,719,-1272,,0.17990006506443,-0.98368489742279,0,17,,
2415,0,726,-1271,,0.17421586811543,-0.98470747470856,0,,,
2419,0,732,-1270,,0.16739629209042,-0.98588967323303,0,16,,
2422,0,739,-1269,,0.16472969949245,-0.98633873462677,0,,,
2425,0,745,-1268,,0.16111181676388,-0.98693615198135,0,15,,
2428,0,752,-1267,,0.15531872212887,-0.98786443471909,0,,,
2432,0,759,-1266,,0.14847776293755,-0.98891574144363,0,14,,
2435,0,765,-1265,,0.14162968099117,-0.98991972208023,0,13,-99,
2439,0,772,-1264,,0.13241295516491,-0.99119466543198,0,12,,
2442,0,778,-1263,,0.12554949522018,-0.99208736419678,0,,,
2445,0,785,-1262,,0.12086430191994,-0.99266904592514,0,,,
2448,0,792,-1261,,0.11617641150951,-0.99322861433029,0,11,,
2452,0,798,-1262,,0.1114859431982,-0.99376600980759,0,,,
2455,0,804,-1263,,0.10784118622541,-0.99416816234589,0,10,,
2458,0,810,-1265,,0.10419497638941,-0.99455690383911,0,,,-10
2462,0,816,-1269,,0.099498361349106,-0.99503773450851,0,9,,
2465,0,821,-1273,,0.093749947845936,-0.9955957531929,0,8,,
2468,0,826,-1278,,0.084482476115227,-0.99642497301102,0,7,,
2472,0,831,-1283,,0.075207687914371,-0.9971678853035,0,5,,
2475,0,836,-1288,,0.052645187824965,-0.9986132979393,0,2,,
2478,0,841,-1293,,0.019058993086219,-0.99981838464737,0,-2,,
2482,0,846,-1299,,-0.01626418530941,-0.99986773729324,0,-4,,
2485,0,850,-1304,,-0.040129363536835,-0.99919450283051,0,-6,,
2488,0,854,-1310,,-0.059901107102633,-0.99820429086685,0,-7,,
2492,0,859,-1314,,-0.074452094733715,-0.99722456932068,0,-8,,
2495,0,864,-1318,,-0.082494325935841,-0.99659150838852,0,,,
2498,0,870,-1321,,-0.085188947618008,-0.99636483192444,0,-9,,
2502,0,876,-1322,,-0.08605645596981,-0.99629026651382,0,,,
2505,0,883,-1323,,-0.08605645596981,-0.99629026651382,0,,,
2508,0,890,-1324,,-0.08605645596981,-0.99629026651382,0,,,
2512,0,896,,,-0.088750258088112,-0.99605393409729,0,,,-11
2515,0,902,-1325,,-0.092402063310146,-0.99572175741196,0,-10,,
2518,0,906,,,-0.092402063310146,-0.99572175741196,0,-14,-98,
2522,0,910,,,-0.092402063310146,-0.99572175741196,0,-20,-97,
2525,0,912,-1326,,-0.092402063310146,-0.99572175741196,0,-33,-94,
2528,0,913,,,-0.092402063310146,-0.99572175741196,0,-44,-89,-12
2532,0,914,,,-0.092402063310146,-0.99572175741196,0,-56,-82,
2535,0,,,,-0.092402063310146,-0.99572175741196,0,-66,-74,-13
2539,0,,,,-0.092402063310146,-0.99572175741196,0,-72,-69,-12
2542,0,,,,-0.092402063310146,-0.99572175741196,0,-75,-65,
2545,0,,,,-0.092402063310146,-0.99572175741196,0,-78,-61,
2549,0,,,,-0.092402063310146,-0.99572175741196,0,-79,-60,-11
2552,0,,,,-0.092402063310146,-0.99572175741196,0,-82,-57,
2555,0,,,,-0.092402063310146,-0.99572175741196,0,-85,-52,
2558,0,,,,-0.092402063310146,-0.99572175741196,0,-88,-47,
2562,0,,,,-0.092402063310146,-0.99572175741196,0,-91,-41,-10
2565,0,,,,-0.092402063310146,-0.99572175741196,0,-93,-36,
2569,0,,,,-0.3116540312767,-0.95019567012787,0,-95,-31,-9
2572,0,,,,-0.51527976989746,-0.85702204704285,0,-96,-28,-8
2575,0,,,,-0.69306582212448,-0.72087424993515,0,,-25,-7
2578,0,,,,-0.83609902858734,-0.54857856035233,0,-97,-22,-6
2582,0,,,,-0.9372056722641,-0.34877714514732,0,-98,-19,-5
2585,0,,,,-0.99131828546524,-0.13148392736912,0,,-17,-4
2588,0,,,,-0.99131828546524,-0.13148392736912,0,-99,-15,-3
2592,0,,,,-0.99131828546524,-0.13148392736912,0,,-11,-2
2595,0,,,,-0.99131828546524,-0.13148392736912,0,-100,-9,-1
2598,0,,,,-0.99131828546524,-0.13148392736912,0,,-8,
2602,0,,,,-0.99131828546524,-0.13148392736912,0,,,
2605,0,,,,-0.99131828546524,-0.13148392736912,0,,,
2608,0,,,,-0.99131828546524,-0.13148392736912,0,,,
2612,0,,,,-0.99131828546524,-0.13148392736912,0,,,
2615,0,913,,,-0.99131828546524,-0.13148392736912,,,-9,0
2618,0,911,,,-0.99632978439331,-0.08559787273407,,,,
2622,0,907,,,-0.99632978439331,-0.08559787273407,,,,
2625,0,903,-1327,,-0.99632978439331,-0.08559787273407,,,,
2628,0,898,,,-0.99632978439331,-0.08559787273407,,,,
2632,0,891,-1328,,-0.99632978439331,-0.08559787273407,,,,
2635,0,884,,,-0.99632978439331,-0.08559787273407,,,,
2638,0,876,-1329,,-0.99632978439331,-0.08559787273407,,,-8,
2642,0,869,,,-0.99647736549377,-0.083862252533436,,,,
2645,0,863,-1327,,-0.99655002355576,-0.082994341850281,,,,
2649,0,856,-1325,,-0.99655002355576,-0.082994341850281,,,,
2652,0,850,-1321,,-0.99655002355576,-0.082994341850281,,,,
2655,0,845,-1317,,-0.99655002355576,-0.082994341850281,,,,
2658,0,839,-1313,,-0.99655002355576,-0.082994341850281,,,,
2662,0,833,-1309,,-0.99655002355576,-0.082994341850281,,,,
2665,0,827,-1305,,-0.99655002355576,-0.082994341850281,,,,
2668,0,821,-1303,,-0.99655002355576,-0.082994341850281,,,,
2672,0,814,-1302,,-0.99655002355576,-0.082994341850281,,,,
2675,0,807,,,-0.99655002355576,-0.082994341850281,0,,-9,-1
2678,0,799,,,-0.99623107910156,-0.086739212274551,0,,,
2682,0,792,-1303,,-0.9960703253746,-0.088565595448017,0,,,
2685,0,784,-1304,,-0.9960703253746,-0.088565595448017,0,,,
2688,0,777,,,-0.9960703253746,-0.088565595448017,0,,,
2692,0,769,-1305,,-0.9960703253746,-0.088565595448017,0,,,
2695,0,763,-1307,,-0.9960703253746,-0.088565595448017,0,,,
2698,0,756,-1309,,-0.9960703253746,-0.088565595448017,0,,,
2702,0,750,-1312,,-0.9960703253746,-0.088565595448017,0,,,
2705,0,745,-1317,,-0.9960703253746,-0.088565595448017,0,,,
2708,0,740,-1322,,-0.9960703253746,-0.088565595448017,0,,,
2712,0,735,-1327,,-0.9960703253746,-0.088565595448017,0,,,
2715,0,730,-1332,,-0.9960703253746,-0.088565595448017,0,,,
2718,0,725,-1338,,-0.9959928393364,-0.089433081448078,0,,-8,
2722,0,721,-1343,,-0.99671161174774,-0.081030450761318,0,,-6,
2725,0,716,-1348,,-0.99835479259491,-0.05733809247613,0,,-3,
2728,0,710,-1353,,-0.99938941001892,-0.034940607845783,,,-2,0
2732,0,705,-1357,,-0.99981766939163,-0.019096732139587,,,-1,
2735,0,700,-1362,,-0.9999258518219,-0.012176777236164,,,,
2738,0,695,-1367,,-0.99997222423553,-0.0074560823850334,,,,
2742,0,689,-1372,,-0.99998420476913,-0.0056226830929518,,,0,
2745,0,684,-1376,,-0.99999248981476,-0.0038808169774711,,,,
2749,0,679,-1381,,-0.999995470047,-0.0030098790302873,,,,
2752,0,674,-1386,,-0.999995470047,-0.0030098790302873,,,,
2755,0,668,-1391,,-0.9999977350235,-0.0021389389876276,0,,,1
2758,0,663,-1395,-289,-0.9999977350235,-0.0021389389876276,0,,,
2762,0,658,-1400,-288,-0.99999922513962,-0.0012679970823228,0,,,
2765,0,653,-1405,-287,-0.99999988079071,0.00047388870734721,0,,,
2768,0,648,-1409,-286,-0.99999910593033,0.0013448314275593,0,,,2
2772,0,642,-1414,-285,-0.99999755620956,0.0022157731000334,0,,,
2775,0,637,-1419,-284,-0.99999755620956,0.0022157731000334,0,,,
2778,0,632,-1423,-283,-0.99999755620956,0.0022157731000334,0,,,
2782,0,626,-1427,-282,-0.99999755620956,0.0022157728672028,0,,,3
2785,0,620,-1430,-280,-0.99999755620956,0.0022157728672028,0,,,
2788,0,614,-1431,-279,-0.99999988079071,0.00047388867824338,0,,,4
2792,0,607,-1432,-278,-0.99999749660492,-0.0022304912563413,0,,,
2795,0,599,,-276,-0.99998784065247,-0.0049348552711308,0,,-1,
2798,0,592,,-275,-0.99996942281723,-0.0078222826123238,0,,,
2802,0,585,,-273,-0.99990755319595,-0.013596918433905,0,,,
2805,0,577,,-272,-0.99989533424377,-0.014467775821686,0,,,
2808,0,570,-1433,-270,-0.99989533424377,-0.014467775821686,0,,,
2812,0,563,,-269,-0.99989533424377,-0.014467775821686,0,,-2,
2815,0,555,,-267,-0.99985253810883,-0.017171816900373,0,,,
2818,0,548,,-266,-0.99980247020721,-0.019875735044479,0,,-3,3
2822,0,540,,-264,-0.99966865777969,-0.025740968063474,0,,,
2825,0,533,,-263,-0.99946653842926,-0.032658815383911,0,,,
2828,0,526,-1434,-261,-0.99943774938583,-0.033529281616211,0,,,
2832,0,518,,-260,-0.99943774938583,-0.033529281616211,0,,,
2835,0,511,,-258,-0.99949461221695,-0.031788323074579,0,,,2
2839,0,504,,-257,-0.99954849481583,-0.03004727140069,0,,,
2842,0,496,-1435,-255,-0.99957424402237,-0.029176712036133,0,,,
2845,0,489,,-254,-0.99959927797318,-0.028306128457189,0,,,
2848,0,482,-1436,-253,-0.99964708089828,-0.026564897969365,0,,-2,
2852,0,476,-1438,-251,-0.99973779916763,-0.022899143397808,0,,,
2855,0,470,-1441,-250,-0.99983471632004,-0.018179217353463,0,,-1,
2858,0,464,-1445,-249,-0.99998098611832,-0.0061624539084733,0,,1,
2862,0,459,-1450,-248,-0.99988806247711,0.01496178843081,0,,4,
2865,0,453,-1454,-247,-0.99914187192917,0.041419249027967,0,,8,
2868,0,448,-1458,-246,-0.99674022197723,0.080677628517151,0,-99,15,
2872,0,442,-1462,-244,-0.98906201124191,0.14750029146671,0,-98,21,
2875,0,436,-1466,-243,-0.97773092985153,0.20986245572567,0,-96,29,3
2878,0,430,-1469,-242,-0.95795047283173,0.28693369030952,0,-93,37,
2882,0,423,-1471,-241,-0.93035572767258,0.36665821075439,0,-91,40,
2885,0,416,-1473,-239,-0.91430473327637,0.40502694249153,0,,,
2888,0,410,-1475,-238,-0.91430473327637,0.40502694249153,0,,41,
2892,0,403,-1477,-237,-0.91395163536072,0.40582311153412,0,,,
2895,0,397,-1479,-235,-0.91395163536072,0.40582311153412,0,,,
2898,0,390,-1482,-234,-0.91395163536072,0.40582311153412,0,,,
2902,0,383,-1484,-233,-0.91395163536072,0.40582311153412,0,,,
2905,0,377,-1486,-231,-0.91395163536072,0.40582311153412,0,,,
2908,0,370,-1488,-230,-0.91395163536072,0.40582311153412,0,,,
2912,0,363,-1490,-229,-0.91395163536072,0.40582311153412,0,,,
2915,0,357,-1492,-227,-0.91395163536072,0.40582311153412,0,,,
2918,0,350,-1494,-226,-0.91277599334717,0.4084604382515,0,,42,
2922,0,343,-1496,-224,-0.9078631401062,0.41926664113998,0,-90,43,
2925,0,337,-1498,-223,-0.90167963504791,0.4324047267437,0,-89,45,
2928,0,330,-1500,-222,-0.89235866069794,0.45132699608803,0,-88,48,
2932,0,323,-1502,-220,-0.87806814908981,0.47853556275368,0,-87,50,
2935,0,316,-1503,-219,-0.86574560403824,0.50048434734344,0,-85,52,
2938,0,310,-1504,-218,-0.85287445783615,0.52211606502533,0,-84,54,
2942,0,303,-1505,-216,-0.84237176179886,0.53889685869217,0,,55,
2945,0,296,-1506,-215,-0.83664429187775,0.54774653911591,0,,,
2948,0,289,-1507,-213,-0.83616691827774,0.54847502708435,0,,,
2952,0,282,-1508,,-0.83616691827774,0.54847502708435,0,-83,,4
2955,0,275,-1509,,-0.83468061685562,0.55073434114456,0,,,
2958,0,268,-1510,,-0.83318811655045,0.55298960208893,0,,56,
2962,0,261,-1511,,-0.82934111356735,0.55874264240265,0,-82,57,
2965,0,254,-1512,,-0.82475519180298,0.56548988819122,0,,58,
2968,0,247,-1513,,-0.81721919775009,0.57632696628571,0,-81,59,
2972,0,240,-1514,,-0.80876469612122,0.58813238143921,0,-80,60,
2975,0,233,,,-0.79850906133652,0.60198283195496,0,-79,61,
2978,0,225,-1515,,-0.79287368059158,0.60938602685928,0,,,
2982,0,218,,,-0.79175508022308,0.61083871126175,0,,,
2985,0,211,-1516,,-0.78950989246368,0.61373782157898,0,-78,62,
2988,0,204,,,-0.78447669744492,0.6201583147049,0,,63,
2992,0,197,,,-0.77618771791458,0.63050186634064,0,-76,65,
2995,0,190,-1517,,-0.76269626617432,0.64675682783127,0,-75,66,
2998,0,183,,,-0.74796283245087,0.66374057531357,0,-73,68,5
3002,0,176,-1516,,-0.72914093732834,0.68436354398727,0,-72,70,
3005,0,169,,,-0.71812003850937,0.69591927528381,0,-71,71,
3008,0,162,,,-0.70700001716614,0.70721352100372,0,-69,72,6
3012,0,155,-1515,,-0.6947073340416,0.71929252147675,0,-67,74,
3015,0,148,-1514,,-0.67412441968918,0.7386177778244,0,-65,76,7
3018,0,141,-1513,,-0.65202140808105,0.75820058584213,0,,,
3022,0,133,-1512,,-0.64895802736282,0.76082420349121,0,,,
3025,0,126,,,-0.64829516410828,0.76138913631439,0,,,
3028,0,119,-1511,,-0.64829516410828,0.76138907670975,0,,,
3032,0,112,-1510,,-0.64829516410828,0.76138907670975,0,,,
3035,0,105,-1509,,-0.64829516410828,0.76138907670975,0,,,
3038,0,98,-1508,,-0.64829516410828,0.76138907670975,0,,,
3042,0,91,-1507,,-0.64829516410828,0.76138907670975,0,,,
3045,0,84,-1506,,-0.64829516410828,0.76138907670975,0,,,
3049,0,77,-1505,,-0.64829516410828,0.76138907670975,0,,,
3052,0,70,-1504,,-0.64829516410828,0.76138907670975,0,,,
3055,0,63,-1503,,-0.64829516410828,0.76138907670975,0,-64,,
3058,0,56,-1502,,-0.64381712675095,0.76517939567566,0,-63,77,
3062,0,49,-1501,,-0.63468885421753,0.7727677822113,0,-62,78,
3065,0,42,-1499,,-0.62134569883347,0.78353655338287,0,-61,79,
3068,0,35,-1498,,-0.61200100183487,0.79085695743561,0,-59,80,
3072,0,28,-1497,,-0.5919017791748,0.80601012706757,0,-56,83,
3075,0,21,-1495,,-0.55803537368774,0.82981717586517,0,-52,85,
3078,0,15,-1493,,-0.52210974693298,0.85287833213806,0,-49,87,8
3082,0,8,-1490,,-0.4891569018364,0.87219578027725,0,-46,88,
3085,0,1,-1488,,-0.46089008450508,0.88745725154877,0,-43,90,
3088,0,-5,-1485,,-0.43080848455429,0.90244334936142,0,-40,91,
3092,0,-12,-1482,,-0.40420290827751,0.91466933488846,0,-39,92,
3095,0,-18,-1479,,-0.38721325993538,0.92199015617371,0,-37,93,
3098,0,-24,-1476,,-0.3712665438652,0.92852634191513,0,-36,,
3102,0,-31,-1473,,-0.35897797346115,0.93334603309631,0,-35,,
3105,0,-37,-1469,,-0.35135158896446,0.93624359369278,0,-34,94,9
3108,0,-43,-1466,,-0.3413764834404,0.9399266242981,0,-33,,
3112,0,-49,-1463,,-0.33378338813782,0.94264978170395,0,,,
3115,0,-56,-1459,,-0.32833409309387,0.94456166028976,0,-32,,
3119,0,-62,-1456,,-0.32287380099297,0.94644200801849,0,,,
3122,0,-68,-1452,,-0.31840226054192,0.94795572757721,0,-31,95,
3125,0,-74,-1450,,-0.31492432951927,0.94911676645279,0,,,
3128,0,-80,-1446,,-0.3094379901886,0.95091962814331,0,-30,,
3132,0,-87,-1444,,-0.30284947156906,0.95303839445114,0,,,
3135,0,-93,-1442,,-0.29734069108963,0.95477145910263,0,-29,,
3138,0,-99,,,-0.29383790493011,0.95585525035858,0,,,
3142,0,-105,-1443,,-0.28932222723961,0.95723176002502,0,-28,,10
3145,0,-112,-1444,,-0.28269052505493,0.95921117067337,0,-27,96,
3148,0,-118,-1446,,-0.27604526281357,0.96114462614059,0,,,
3152,0,-125,-1448,,-0.26938682794571,0.96303206682205,0,-26,,
3155,0,-131,-1450,,-0.26271545886993,0.96487337350845,0,,,
3158,0,-137,-1451,,-0.25815758109093,0.96610283851624,0,-25,,
3162,0,-144,-1453,,-0.25026726722717,0.9681767821312,0,-24,97,
3165,0,-150,-1455,,-0.23995836079121,0.97078317403793,0,-22,,
3168,0,-157,-1456,,-0.22577503323555,0.97417944669724,0,-21,,
3172,0,-163,-1458,,-0.21019044518471,0.97766047716141,0,-19,98,
3175,0,-170,-1459,,-0.19079579412937,0.98162972927094,0,-17,,11
3178,0,-176,-1460,,-0.16743040084839,0.98588389158249,0,-14,,
3182,0,-183,-1461,,-0.14528472721577,0.98938989639282,0,-13,99,
3185,0,-190,-1462,,-0.13221247494221,0.99122142791748,0,-12,,
3189,0,-196,-1463,,-0.12043678015471,0.99272102117538,0,-10,,
3192,0,-203,,,-0.10468761622906,0.99450516700745,0,-8,,
3195,0,-210,-1464,,-0.078299567103386,0.99692988395691,0,-5,,
3198,0,-216,,,-0.047689862549305,0.99886220693588,0,-2,,12
3202,0,-223,,,-0.019847325980663,0.99980300664902,0,1,,
3205,0,-230,,,0.0080106155946851,0.99996793270111,0,3,,
3209,0,-236,,,0.030427960678935,0.99953699111938,0,4,,
3212,0,-243,,,0.042290899902582,0.99910533428192,0,6,,
3215,0,-250,-1463,,0.056857258081436,0.9983823299408,0,8,,13
3219,0,-256,,,0.079226776957512,0.99685662984848,0,10,,
3222,0,-263,-1462,,0.10155646502972,0.99482977390289,0,12,98,
3225,0,-269,-1461,,0.12383509427309,0.99230283498764,0,15,,14
3229,0,-276,-1460,,0.14870958030224,0.98888093233109,0,17,,15
3232,0,-283,-1459,,0.16831758618355,0.98573279380798,0,,97,
3235,0,-289,-1458,,0.17635382711887,0.98432683944702,0,18,,
3239,0,-296,-1457,,0.17901493608952,0.98384636640549,0,,,
3242,0,-302,-1456,,0.17901493608952,0.98384636640549,0,,,
3245,0,-309,-1455,,0.17901493608952,0.98384636640549,0,,,
3249,0,-315,-1453,,0.17901493608952,0.98384636640549,0,,,
3252,0,-322,-1452,,0.17901493608952,0.98384636640549,0,,,
3255,0,-328,-1451,,0.17901493608952,0.98384636640549,0,15,98,13
3259,0,-335,-1450,,0.14956973493099,0.98875117301941,0,4,99,9
3262,0,-342,,,0.040338136255741,0.99918609857559,0,-18,98,5
3265,0,-347,-1449,,-0.15548345446587,0.98783850669861,0,-46,89,1
3269,0,-352,,,-0.15548345446587,0.98783850669861,0,-70,72,-2
3272,0,-355,-1448,,-0.34532284736633,0.93848395347595,0,-85,53,-3
3275,0,-358,-1447,,-0.52187597751617,0.85302132368088,0,-93,38,-4
3279,0,-360,-1445,,-0.67834997177124,0.73473888635635,0,-96,27,
3282,0,,-1443,,-0.80872458219528,0.58818751573563,0,-98,19,
3285,0,,-1441,,-0.90798360109329,0.41900563240051,0,-99,11,
3289,0,-359,-1439,,-0.97230809926987,0.23370257019997,0,-100,6,
3292,0,-356,-1438,,-0.9982978105545,0.058321889489889,0,,1,-5
3295,0,-355,-1437,,-0.99989676475525,0.014366999268532,0,,-5,
3299,0,-354,,,-0.99989676475525,0.014366999268532,0,-99,-15,-4
3302,0,,-1438,,-0.99989676475525,0.014366999268532,0,-96,-27,
3305,0,-353,-1439,,-0.9834657907486,-0.18109369277954,0,-91,-41,-3
3309,0,-352,-1442,,-0.92919617891312,-0.36958685517311,0,-86,-51,
3312,0,-350,-1446,,-0.85711443424225,-0.51512604951859,0,-81,-59,-4
3315,0,-347,-1450,,-0.81024360656738,-0.5860932469368,0,-78,-62,
3319,0,-343,-1455,,-0.78394943475723,-0.62082463502884,0,-77,-63,-5
3322,0,-339,-1460,,-0.77319031953812,-0.6341740489006,0,,-64,
3325,0,-335,-1465,,-0.76945644617081,-0.63869923353195,0,,,
3329,0,-331,-1470,,-0.76945644617081,-0.63869923353195,0,,,-6
3332,0,-328,-1476,,-0.76945650577545,-0.63869923353195,0,,,-7
3336,0,-325,-1481,,-0.76945650577545,-0.63869923353195,0,,,
3339,0,-324,-1486,,-0.76945650577545,-0.63869923353195,0,,,-8
3342,0,,-1491,-212,-0.7677264213562,-0.64077776670456,0,-76,,-9
3345,0,-325,-1496,,-0.76401311159134,-0.64520066976547,0,-75,-66,
3349,0,-328,-1501,,-0.75196349620819,-0.65920478105545,0,-72,-69,
3352,0,-330,-1505,,-0.72545915842056,-0.68826520442963,0,-68,-73,-10
3355,0,-334,-1508,,-0.68229335546494,-0.73107850551605,0,-63,-77,-9
3359,0,-337,-1510,,-0.63060021400452,-0.77610784769058,0,-57,-81,
3362,0,-341,-1511,,-0.57594329118729,-0.81748962402344,0,-53,-85,
3365,0,-345,,,-0.52740103006363,-0.84961646795273,0,-49,-87,
3369,0,-350,,,-0.4947073161602,-0.8690596818924,0,-47,-88,
3372,0,-355,-1509,,-0.47142362594604,-0.88190692663193,0,-44,-89,
3375,0,-360,-1506,,-0.44540196657181,-0.89533072710037,0,-42,-90,
3379,0,-367,-1503,,-0.4177351295948,-0.90856885910034,0,-39,-92,
3382,0,-373,-1501,,-0.39098447561264,-0.92039728164673,0,-36,-93,
3386,0,-379,-1499,,-0.36251673102379,-0.93197727203369,0,-33,-94,
3389,0,-385,,,-0.33376502990723,-0.94265627861023,0,-31,-95,
3392,0,-391,,,-0.3086701631546,-0.95116913318634,0,-28,,
3395,0,-397,-1501,,-0.2846322953701,-0.95863676071167,0,-26,-96,
3399,0,-403,-1504,,-0.26434960961342,-0.96442693471909,0,-25,,
3402,0,-409,-1508,,-0.25407963991165,-0.96718329191208,0,,,
3405,0,-415,-1511,,-0.25044277310371,-0.96813142299652,0,,,
3409,0,-421,-1515,,-0.25044277310371,-0.96813142299652,0,,,
3412,0,-427,-1519,,-0.25044277310371,-0.96813142299652,0,,,
3415,0,-433,-1523,,-0.25044277310371,-0.96813142299652,0,,,
3419,0,-439,-1527,,-0.25044277310371,-0.96813142299652,0,-26,,
3422,0,-444,-1532,,-0.25816443562508,-0.96610099077225,0,-30,-95,-10
3425,0,-448,-1536,,-0.29752549529076,-0.95471388101578,0,-34,-93,
3429,0,-452,-1539,,-0.29752549529076,-0.95471388101578,0,-44,-89,-11
3432,0,-454,-1542,,-0.29752549529076,-0.95471388101578,0,-58,-81,
3435,0,-456,-1543,,-0.29752549529076,-0.95471388101578,0,-69,-72,
3439,0,-457,-1544,,-0.29752549529076,-0.95471388101578,0,-85,-52,
3442,0,-458,-1546,,-0.29752549529076,-0.95471388101578,0,-96,-27,-10
3445,0,,-1549,,-0.47816628217697,-0.87826931476593,0,-100,-2,-9
3449,0,,-1553,,-0.64040964841843,-0.76803344488144,0,-97,23,-8
3452,0,,-1557,,-0.77801340818405,-0.62824767827988,0,-90,42,-7
3455,0,-459,-1563,,-0.88568317890167,-0.46429008245468,0,-87,49,-6
3459,0,-462,-1568,,-0.95927637815475,-0.28246900439262,0,-85,52,
3462,0,-465,-1574,,-0.99596160650253,-0.08977997303009,0,,53,
3465,0,-469,-1580,,-0.99432730674744,0.10636331886053,0,,,
3469,0,-473,-1584,,-0.9544363617897,0.29841428995132,0,,,
3472,0,-478,-1588,,-0.87782371044159,0.47898384928703,0,-80,60,
3475,0,-483,-1591,,-0.79678654670715,0.60426086187363,0,-67,74,
3479,0,-489,-1593,,-0.67231637239456,0.74026393890381,0,-48,87,
3482,0,-493,-1595,,-0.51487988233566,0.85726231336594,0,-27,96,
3485,0,-496,-1596,,-0.51487988233566,0.85726231336594,0,-5,100,
3489,0,-499,-1597,,-0.51487988233566,0.85726231336594,0,14,99,-5
3492,0,-500,-1598,,-0.51487988233566,0.85726231336594,0,27,96,-4
3495,0,,,,-0.51487988233566,0.85726231336594,0,31,95,-3
3499,0,,-1597,,-0.51487988233566,0.85726231336594,0,34,94,-2
3502,0,,-1595,,-0.33763346076012,0.94127762317657,,35,,0
3505,0,-499,-1592,,-0.14739663898945,0.98907744884491,0,39,92,2
3509,0,-498,-1589,,0.048511233180761,0.99882256984711,0,43,90,4
3512,0,-497,-1584,,0.24255263805389,0.97013819217682,0,48,87,6
3516,0,,-1579,,0.42726188898087,0.90412789583206,0,53,84,8
3519,0,-498,-1573,,0.53572851419449,0.84439027309418,0,56,82,9
3522,0,-499,-1566,,0.56077390909195,0.82796895503998,0,,,
3525,0,-500,-1559,,0.56149476766586,0.82748031616211,0,,,
3529,0,-501,-1552,,0.56539487838745,0.82482039928436,0,,,10
3532,0,-502,-1544,,0.5617601275444,0.82730013132095,0,54,83,
3536,0,-503,-1537,,0.54719716310501,0.83700376749039,0,,,
3539,0,-504,-1530,,0.54719716310501,0.83700376749039,0,,,
3542,0,-505,-1523,,0.54719716310501,0.83700376749039,0,,,
3546,0,-506,-1516,,0.54719716310501,0.83700376749039,0,,,
3549,0,-507,-1509,,0.54719716310501,0.83700376749039,0,,,
3552,0,-508,-1502,,0.54719716310501,0.83700376749039,0,53,84,
3556,0,-509,-1495,,0.53721934556961,0.84344255924225,0,51,85,
3559,0,-511,-1489,-213,0.51319432258606,0.85827243328094,0,50,86,9
3562,0,-514,-1483,,0.50403916835785,0.86368077993393,0,,,
3566,0,-518,-1478,,0.49995630979538,0.86605060100555,0,,,
3569,0,-522,-1474,,0.49995630979538,0.86605060100555,0,,,
3572,0,-527,-1470,,0.49995630979538,0.86605060100555,0,,,
3576,0,-533,-1467,,0.49995630979538,0.86605060100555,0,,,
3579,0,-539,-1464,,0.49995630979538,0.86605060100555,0,,,
3582,0,-545,-1460,,0.49995630979538,0.86605060100555,0,,,
3586,0,-551,-1457,,0.49995630979538,0.86605060100555,0,,,
3589,0,-556,-1454,,0.49995630979538,0.86605060100555,0,,,
3592,0,-562,-1450,,0.49995630979538,0.86605060100555,0,,,
3596,0,-568,-1447,,0.49995630979538,0.86605060100555,0,,,
3599,0,-574,-1444,,0.49995630979538,0.86605060100555,0,,,
3602,0,-579,-1440,,0.49995630979538,0.86605060100555,0,,,
3606,0,-585,-1437,,0.49995630979538,0.86605060100555,0,,,
3609,0,-591,-1434,,0.49995630979538,0.86605060100555,0,,,
3612,0,-597,-1430,,0.49995630979538,0.86605060100555,0,,,
3616,0,-602,-1427,,0.49995630979538,0.86605060100555,0,,,
3619,0,-608,-1424,,0.49995630979538,0.86605060100555,0,,,
3622,0,-614,-1420,,0.49995630979538,0.86605060100555,0,,,
3626,0,-619,-1416,,0.49995630979538,0.86605060100555,0,,,
3629,0,-623,-1412,,0.49995630979538,0.86605060100555,0,,,
3632,0,-626,-1406,,0.49995630979538,0.86605060100555,0,,,
3636,0,-629,-1400,,0.50071024894714,0.86561495065689,0,,,
3639,0,-631,-1393,,0.50071024894714,0.86561495065689,0,,,
3642,0,-632,-1386,,0.50146389007568,0.86517858505249,0,,,
3646,0,-633,-1379,,0.50146389007568,0.86517858505249,0,,,10
3649,0,-635,-1372,,0.50296998023987,0.86430388689041,0,,,
3652,0,-636,-1366,,0.50372242927551,0.86386555433273,0,,,
3656,0,-638,-1359,,0.50372242927551,0.86386555433273,0,,,
3659,0,-639,-1352,,0.50522619485855,0.8629869222641,0,,,
3662,0,-640,-1345,,0.50672847032547,0.86210572719574,0,51,,
3666,0,-642,-1338,,0.50822919607162,0.86122184991837,0,,,
3669,0,-643,-1331,,0.5105562210083,0.85984438657761,0,,85,
3672,0,-644,-1324,-214,0.51205295324326,0.85895389318466,0,,,
3676,0,-646,-1317,-215,0.51700484752655,0.85598248243332,0,52,,
3679,0,-647,-1310,-217,0.52291649580002,0.85238391160965,0,,,
3682,0,-648,-1303,-219,0.52693462371826,0.84990584850311,0,53,84,
3686,0,-649,-1296,-221,0.53004735708237,0.84796804189682,0,,,
3689,0,-651,-1289,-224,0.53004735708237,0.84796804189682,0,,,
3692,0,-652,-1282,-227,0.53004735708237,0.84796804189682,0,,,
3696,0,-653,-1275,-230,0.53004735708237,0.84796804189682,0,,,
3699,0,-654,-1268,-233,0.53004735708237,0.84796804189682,0,54,,11
3702,0,-655,-1261,-237,0.53004735708237,0.84796804189682,0,,,
3706,0,-656,-1254,-242,0.53004735708237,0.84796804189682,0,,,
3709,0,-657,-1247,-243,0.53004735708237,0.84796804189682,0,,83,
3712,0,-658,-1240,,0.54688549041748,0.83720743656158,0,55,,
3716,0,-659,-1233,-237,0.55171120166779,0.83403521776199,0,56,82,
3719,0,-660,-1226,-231,0.55944722890854,0.82886600494385,0,,,
3722,0,-661,-1219,-225,0.56822901964188,0.82287043333054,0,58,81,
3726,0,-662,-1212,-219,0.58440685272217,0.81146079301834,0,60,79,
3729,0,,-1205,-214,0.58440685272217,0.81146079301834,0,61,,
3732,0,-663,-1197,-209,0.58440685272217,0.81146079301834,0,,78,
3736,0,,-1190,-204,0.58440685272217,0.81146079301834,0,,,
3739,0,-664,-1183,-200,0.58440685272217,0.81146079301834,0,,,
3742,0,,-1176,-196,0.58440685272217,0.81146079301834,0,,,
3746,0,-665,-1169,-193,0.58440685272217,0.81146079301834,0,,,
3749,0,,-1162,-190,0.58440685272217,0.81146079301834,0,,,
3752,0,-666,-1155,-187,0.58440685272217,0.81146079301834,0,,,
3756,0,,-1148,-185,0.58440685272217,0.81146079301834,0,,,
3759,0,-667,-1141,-183,0.58440685272217,0.81146079301834,0,,,
3762,0,,-1134,-181,0.58440685272217,0.81146079301834,0,,,
3766,0,-668,-1127,-180,0.58440685272217,0.81146079301834,0,,,
3769,0,,-1120,-179,0.58440685272217,0.81146079301834,0,,,
3772,0,-669,-1112,-178,0.58440685272217,0.81146079301834,0,,,
3776,0,,-1105,,0.58440685272217,0.81146079301834,0,,,
3779,0,,-1098,,0.58440685272217,0.81146079301834,0,,,
3782,0,-670,-1091,-179,0.58440685272217,0.81146079301834,0,,,
3786,0,,-1084,-180,0.58440685272217,0.81146079301834,0,,,
3789,0,-671,-1077,-181,0.58440685272217,0.81146079301834,0,,,
3792,0,,-1070,-182,0.58440685272217,0.81146079301834,0,,,
3796,0,-672,-1063,-184,0.58440685272217,0.81146079301834,0,,,
3799,0,,-1056,-187,0.58440685272217,0.81146079301834,0,,,
3802,0,-673,-1049,-189,0.58440685272217,0.81146079301834,0,,,
3806,0,,-1042,-187,0.61517852544785,0.78838783502579,0,,,
3809,0,-674,-1035,-185,0.61517852544785,0.78838783502579,0,,,
3812,0,,-1028,-184,0.61517852544785,0.78838783502579,0,,,
3816,0,,-1021,-182,0.61517852544785,0.78838783502579,0,,,
3819,0,-675,-1014,-181,0.61517852544785,0.78838783502579,0,,,
3822,0,,-1007,-179,0.61517852544785,0.78838783502579,0,,,
3826,0,-676,-1001,-177,0.61517852544785,0.78838783502579,0,,,
3829,0,,-994,-176,0.61517852544785,0.78838783502579,0,,,
3832,0,-677,-987,-174,0.61517852544785,0.78838783502579,0,,,
3836,0,,-980,-173,0.61517852544785,0.78838783502579,0,,,
3839,0,,-973,-171,0.61517852544785,0.78838783502579,0,,,
3842,0,-676,-967,-169,0.61517852544785,0.78838783502579,0,,,
3846,0,-674,-961,-167,0.61517852544785,0.78838783502579,0,,,
3849,0,-672,-955,-165,0.61517852544785,0.78838783502579,0,,,
3853,0,-671,-949,-164,0.61517852544785,0.78838783502579,0,,,
3856,0,-669,-943,-163,0.61586487293243,0.78785181045532,0,,,
3859,0,-666,-937,-162,0.61586487293243,0.78785181045532,0,,,
3863,0,-664,-931,-161,0.61586487293243,0.78785181045532,0,,,
3866,0,-661,-925,-160,0.61586487293243,0.78785181045532,0,,,
3869,0,-658,-920,-159,0.61860543489456,0.78570181131363,0,62,,
3873,0,-653,-914,-157,0.62148213386536,0.78342837095261,0,,,
3876,0,-649,-908,-156,0.62216413021088,0.78288686275482,0,,,
3879,0,-644,-902,-155,0.62352669239044,0.78180205821991,0,,,
3883,0,-639,-897,-153,0.62488734722137,0.78071492910385,0,,77,
3886,0,-635,-891,-152,0.62624615430832,0.77962535619736,0,,,
3889,0,-630,-885,-151,0.62760305404663,0.77853351831436,0,63,,
3893,0,-625,-879,-149,0.6297060251236,0.77683353424072,0,,,
3896,0,-621,-874,-148,0.63262116909027,0.77446138858795,0,,,
3899,0,-616,-868,-147,0.63396900892258,0.77335846424103,0,,,
3903,0,-611,-862,-145,0.63396900892258,0.77335846424103,0,,,
3906,0,-607,-856,-144,0.63464224338531,0.77280610799789,0,,,
3909,0,-602,-851,-143,0.63531500101089,0.77225309610367,0,,,
3913,0,-597,-845,-141,0.63665902614594,0.77114546298981,0,,76,
3916,0,-594,-839,-140,0.63874197006226,0.76942104101181,0,64,,
3919,0,-591,-833,-138,0.64162915945053,0.76701498031616,0,,,
3923,0,-589,-826,-137,0.6422968506813,0.76645600795746,0,,,
3926,0,,-820,-135,0.6422968506813,0.76645600795746,0,,,
3929,0,,-813,-134,0.64296406507492,0.76589632034302,0,,,
3933,0,,-806,-132,0.64503282308578,0.76415485143661,0,,,
3936,0,,-799,-131,0.64877253770828,0.76098239421844,0,65,75,
3939,0,,-792,-129,0.65516704320908,0.75548404455185,0,66,74,
3943,0,,-785,-127,0.66512334346771,0.74673354625702,0,67,73,
3946,0,,-778,-126,0.67782908678055,0.73521953821182,0,70,70,
3949,0,,-771,-124,0.70737957954407,0.70683389902115,0,73,67,
3953,0,-588,-765,-123,0.73661786317825,0.67630916833878,0,76,65,10
3956,0,-587,-758,-121,0.7600439786911,0.64987164735794,0,78,62,
3959,0,-586,-753,-120,0.78416508436203,0.62055224180222,0,80,60,
3963,0,-585,-749,-119,0.80118417739868,0.59841787815094,0,81,58,
3966,0,-584,-745,-118,0.81362783908844,0.58138602972031,0,83,55,9
3969,0,-583,-741,-117,0.8334738612175,0.55255883932114,0,85,52,
3973,0,-582,-739,,0.85464090108871,0.51921951770782,0,87,48,
3976,0,-581,-736,-116,0.87519413232803,0.48377186059952,0,89,45,
3979,0,-579,-734,,0.89369821548462,0.44866853952408,0,91,41,
3983,0,-578,-732,-115,0.9095783829689,0.41553241014481,0,92,39,
3986,0,-577,-730,,0.92080038785934,0.39003416895866,0,93,36,8
3989,0,-575,-728,-114,0.93130779266357,0.36423316597939,0,,35,
3993,0,-574,-726,,0.93696367740631,0.34942683577538,0,,,
3996,0,-572,-724,-113,0.93760269880295,0.34770849347115,0,94,34,
4000,0,-571,-722,,0.93853950500488,0.34517180919647,0,,,
4003,0,-569,-720,-112,0.9398301243782,0.34164208173752,0,,,
4006,0,-568,-718,,0.9398301243782,0.34164208173752,0,,,
4010,0,-566,-716,-111,0.9398301243782,0.34164208173752,0,,,7
4013,0,-565,-713,,0.94012731313705,0.3408235013485,0,,,
4016,0,-563,-710,-110,0.94012731313705,0.3408235013485,0,,,
4019,0,-560,-706,-109,0.94012731313705,0.3408235013485,0,,,
4023,0,-558,-701,-108,0.94012731313705,0.3408235013485,0,,,
4026,0,-555,-696,-107,0.94012731313705,0.3408235013485,0,,,
4030,0,-551,-690,-105,0.94042372703552,0.34000468254089,0,,,
4033,0,-548,-684,-104,0.94042372703552,0.34000468254089,0,,,
4036,0,-545,-678,-102,0.94042372703552,0.34000471234322,0,,,
4039,0,-541,-672,-101,0.9407194852829,0.33918562531471,0,,,
4043,0,-538,-665,-100,0.94130879640579,0.33754670619965,0,,33,6
4046,0,-535,-659,-98,0.94295281171799,0.33292636275291,0,95,32,5
4050,0,-531,-653,-97,0.94683843851089,0.32170951366425,0,,31,
4053,0,-528,-647,-95,0.95142948627472,0.30786675214767,0,,30,4
4056,0,-524,-641,-94,0.95541030168533,0.29528144001961,0,96,28,
4060,0,-520,-635,-93,0.95961505174637,0.28131648898125,0,,27,3
4063,0,-517,-630,-91,0.96288681030273,0.26990553736687,0,97,26,
4066,0,-513,-624,-90,0.96636557579041,0.25717228651047,0,,25,
4069,0,-509,-618,-89,0.96902287006378,0.24697107076645,0,,24,2
4073,0,-505,-612,-87,0.97188627719879,0.23545078933239,0,,23,
4076,0,-501,-607,-86,0.97433489561081,0.22510328888893,0,98,22,1
4080,0,-497,-601,-85,0.97611904144287,0.21723644435406,0,,20,
4083,0,-493,-595,-83,0.97918337583542,0.20297774672508,0,,19,
4086,0,-488,-590,-82,0.98229968547821,0.18731620907784,0,,18,
4089,0,-484,-584,-81,0.98445403575897,0.17564256489277,,99,16,0
4093,0,-481,-579,-79,0.98669564723969,0.16257837414742,,,14,
4096,0,-479,-573,-78,0.99028259515762,0.13906975090504,,,12,
4100,0,-477,-567,-77,0.99236238002777,0.12335695326328,,,11,
4103,0,,-560,-75,0.99391025304794,0.11019252985716,,100,10,
4106,0,-478,-554,-74,0.99527817964554,0.097063690423965,,,9,
4110,0,-479,-548,-72,0.99636024236679,0.085242353379726,,,8,
4113,0,,-541,-71,0.99692630767822,0.078344717621803,,,,
4116,0,-480,-535,-69,0.99706125259399,0.076608292758465,,,7,
4119,0,,-528,-68,0.99719315767288,0.074871629476547,,,,
4123,0,,-522,-66,0.99739199876785,0.072174787521362,,,,
4126,0,-481,-515,-65,0.99739199876785,0.072174787521362,,,,
4130,0,,-509,-63,0.99739199876785,0.072174787521362,,,,
4133,0,-482,-502,-62,0.99745446443558,0.071306198835373,,,,
4136,0,,-496,-60,0.99751621484756,0.070437557995319,,,,
4140,0,-483,-489,-59,0.99757713079453,0.069568865001202,,,,
4143,0,,-483,-58,0.99769681692123,0.067831315100193,,,,
4146,0,-484,-476,-57,0.99781340360641,0.066093556582928,,,,
4150,0,,-469,,0.9978706240654,0.06522461026907,,,6,
4153,0,-485,-463,-58,0.99804335832596,0.06252596527338,,,,
4156,0,,-456,,0.99832737445831,0.057813692837954,,,5,
4160,0,,-449,-59,0.99832737445831,0.057813692837954,0,,,-1
4163,0,-486,-443,,0.99878168106079,0.04934673383832,0,,,
4166,0,,-436,,0.99895590543747,0.045684207230806,0,,4,
4169,0,,-429,,0.99907582998276,0.042982693761587,0,,,
4173,0,,-423,,0.9991529583931,0.041150983422995,0,,,
4176,0,-487,-416,,0.99926054477692,0.038448955863714,0,,3,
4180,0,,-409,,0.99953818321228,0.030387088656425,0,,2,
4183,0,,-403,,0.99969702959061,0.024614280089736,0,,,
4186,0,,-396,,0.99984341859818,0.01769501157105,0,,0,
4190,0,,-389,,0.99998986721039,0.0044959178194404,0,,,
4193,0,,-383,,0.99998754262924,-0.0049913357943296,0,,-1,
4196,0,,-376,,0.99989783763885,-0.014295392669737,0,,-2,
4200,0,,-369,,0.99972152709961,-0.023598212748766,0,,-3,
4203,0,,-363,,0.99945867061615,-0.032898988574743,0,,-4,
4206,0,-486,-356,,0.99920701980591,-0.039815690368414,0,,-5,
4210,0,-483,-351,,0.99879330396652,-0.049110978841782,0,,,
4213,0,-480,-345,,0.99854046106339,-0.054008722305298,0,,,
4216,0,-476,-341,,0.99854046106339,-0.054008722305298,0,,,
4220,0,-472,-337,,0.99854046106339,-0.054008722305298,0,,,
4223,0,-468,-334,,0.99854046106339,-0.054008722305298,0,,,
4226,0,-464,-332,,0.99854046106339,-0.054008722305298,0,,,
4230,0,-461,,,0.99854046106339,-0.054008722305298,0,,,
4233,0,-459,,,0.99854046106339,-0.054008722305298,0,,,
4236,0,-456,-333,,0.99854046106339,-0.054008722305298,0,,-6,
4240,0,-455,-335,,0.99843978881836,-0.055839389562607,0,,,
4243,0,-452,-337,,0.99834102392197,-0.05757799744606,0,,,
4246,0,-448,-338,,0.99823921918869,-0.05931643024087,0,,,
4250,0,-443,-339,,0.99823921918869,-0.05931643024087,0,,,
4253,0,-437,-340,,0.99823921918869,-0.05931643024087,0,,,
4256,0,-431,-341,,0.9981871843338,-0.060185577720404,0,,,
4260,0,-423,,,0.9981871843338,-0.060185577720404,0,,,
4263,0,-416,-342,,0.9981871843338,-0.060185577720404,0,,,
4266,0,-408,,,0.99813443422318,-0.061054684221745,0,,,
4270,0,-401,-343,,0.99813443422318,-0.061054684221745,0,,,
4273,0,-393,,,0.99813443422318,-0.061054684221745,0,,,
4277,0,-386,-344,,0.99813443422318,-0.061054684221745,0,,,
4280,0,-379,-345,,0.99813443422318,-0.061054684221745,0,,,
4283,0,-372,-347,,0.99813443422318,-0.061054684221745,0,,,
4286,0,-366,-351,,0.99813443422318,-0.061054684221745,0,,,
4290,0,-361,-355,,0.99813443422318,-0.061054684221745,0,,,
4293,0,-356,-360,,0.99813443422318,-0.061054684221745,0,,,
4297,0,-351,-365,,0.99813443422318,-0.061054684221745,0,,,
4300,0,-345,-369,,0.99813443422318,-0.061054684221745,0,,,
4303,0,-341,-373,,0.99813443422318,-0.061054684221745,0,,,
4307,0,-337,-375,,0.99813443422318,-0.061054684221745,0,,,
4310,0,-334,-378,,0.99813443422318,-0.061054684221745,0,,-5,-2
4313,0,-332,-379,,0.99813443422318,-0.061054684221745,0,,-4,
4316,0,-331,-380,,0.99813443422318,-0.061054684221745,0,,,
4320,0,-330,,,0.99813443422318,-0.061054684221745,0,,,
4323,0,,,,0.99813443422318,-0.061054684221745,0,,,
4327,0,,,,0.99813443422318,-0.061054684221745,0,,,
4330,0,,,,0.99813443422318,-0.061054684221745,0,,,
4333,0,,,,0.99813443422318,-0.061054684221745,0,,,
4336,0,,,,0.99813443422318,-0.061054684221745,0,,,
4340,0,,,,0.99813443422318,-0.061054684221745,0,,,
4343,0,,,,0.99813443422318,-0.061054684221745,0,,,
4347,0,,,,0.99813443422318,-0.061054684221745,0,99,-14,-1
4350,0,,,,0.99813443422318,-0.061054684221745,0,92,-38,
4353,0,,,,0.99813443422318,-0.061054684221745,0,80,-60,-2
4357,0,,,,0.99813443422318,-0.061054684221745,0,60,-80,-4
4360,0,,,,0.99813443422318,-0.061054684221745,0,33,-94,-5
4363,0,,,,0.99813443422318,-0.061054684221745,0,10,-99,
4366,0,,,,0.95952326059341,-0.28162944316864,0,-14,,
4370,0,,,,0.87279689311981,-0.4880835711956,0,-23,-97,
4373,0,,,,0.74230533838272,-0.67006176710129,0,-24,,
4377,0,,,,0.57459115982056,-0.81844055652618,0,,,
4380,0,,,,0.3780669271946,-0.92577826976776,0,,,
4383,0,,,,0.16258218884468,-0.98669499158859,0,,,
4386,0,,,,0.16258218884468,-0.98669499158859,0,,,
4390,0,,,,0.16258218884468,-0.98669499158859,0,,,
4393,0,,,,0.16258218884468,-0.98669499158859,0,,,
4397,0,,,,0.16258218884468,-0.98669499158859,0,,,
4400,0,,,,0.16258218884468,-0.98669499158859,0,,,
4403,0,,,,0.16258218884468,-0.98669499158859,0,-25,,
4407,0,,,,0.16258218884468,-0.98669499158859,0,-30,-95,
4410,0,,,,0.16258218884468,-0.98669499158859,0,-35,-94,-6
4413,0,,,,0.16258218884468,-0.98669499158859,0,-44,-90,
4416,0,,,,0.16258218884468,-0.98669499158859,0,-58,-82,
4420,0,,,,0.16258218884468,-0.98669499158859,0,-69,-72,-7
4423,0,,,,0.16258218884468,-0.98669499158859,0,-82,-57,
4427,0,,,,0.16258218884468,-0.98669499158859,0,-93,-35,
4430,0,,,,-0.061054103076458,-0.99813443422318,0,-98,-17,-8
4433,0,,,,-0.28163042664528,-0.95952296257019,0,-100,1,
4436,0,,,,-0.48808318376541,-0.87279713153839,0,-98,17,
4440,0,,,,-0.67006176710129,-0.74230533838272,0,-96,27,
4443,0,,,,-0.81843912601471,-0.57459330558777,0,,28,-7
4447,0,,,,-0.9257784485817,-0.37806650996208,0,,,
4450,0,,,,-0.9257784485817,-0.37806650996208,0,,,
4453,0,,,,-0.9257784485817,-0.37806650996208,0,,,
4457,0,,,,-0.9257784485817,-0.37806650996208,0,,,
4460,0,,,,-0.9257784485817,-0.37806650996208,0,,,
4463,0,,,,-0.9257784485817,-0.37806650996208,0,,,
4466,0,,,,-0.9257784485817,-0.37806650996208,0,,,
4470,0,,,,-0.9257784485817,-0.37806650996208,0,-95,31,-6
4473,0,,,,-0.9257784485817,-0.37806650996208,0,-90,44,
4477,0,,,,-0.9257784485817,-0.37806650996208,0,-76,64,-5
4480,0,,,,-0.9257784485817,-0.37806650996208,0,-54,84,
4483,0,,,,-0.98669493198395,-0.16258276998997,0,-31,95,-4
4486,0,,,,-0.99813437461853,0.061055120080709,0,-10,99,-3
4490,0,,,,-0.95952308177948,0.28162997961044,0,-2,100,
4493,0,,,,-0.87279713153839,0.48808315396309,0,-1,,
4497,0,,,,-0.74230706691742,0.67005985975266,0,,,
4500,0,,,,-0.57459288835526,0.81843936443329,0,,,
4503,0,,,,-0.57459288835526,0.81843936443329,0,,,
4507,0,,,,-0.57459288835526,0.81843936443329,0,,,
4510,0,,,,-0.57459288835526,0.81843936443329,0,,,
4513,0,,,,-0.57459288835526,0.81843936443329,0,,,
4516,0,,,,-0.57459288835526,0.81843936443329,0,,,
4520,0,,,,-0.57459288835526,0.81843936443329,0,,,
4523,0,,,,-0.57459288835526,0.81843936443329,0,,,
4527,0,,,,-0.57459288835526,0.81843936443329,0,6,,
4530,0,,,,-0.57459288835526,0.81843936443329,0,13,99,
4533,0,,,,-0.57459288835526,0.81843936443329,0,20,98,-4
4536,0,,,,-0.57459288835526,0.81843936443329,0,27,96,
4540,0,,,,-0.57459288835526,0.81843936443329,0,36,93,
4543,0,,,,-0.57459288835526,0.81843936443329,0,46,89,-5
4547,0,,,,-0.57459288835526,0.81843936443329,0,58,82,
4550,0,,,,-0.37806701660156,0.92577821016312,0,69,72,-6
4553,0,,,,-0.16258174180984,0.98669505119324,0,78,63,
4557,0,,,,0.061054669320583,0.99813443422318,0,85,52,
4560,0,,,,0.28162997961044,0.95952308177948,0,89,46,-5
4563,0,,,,0.48808091878891,0.87279838323593,0,93,37,
4566,0,,,,0.67006015777588,0.7423067688942,0,97,25,-6
4570,0,,,,0.67006015777588,0.7423067688942,0,98,18,-7
4573,0,,,,0.67006015777588,0.7423067688942,0,,,
4577,0,,,,0.67006015777588,0.7423067688942,0,,,
4580,0,,,,0.67006015777588,0.7423067688942,0,,,
4583,0,,,,0.67006015777588,0.7423067688942,0,,,
4586,0,,,,0.67006015777588,0.7423067688942,0,,,
4590,0,,,,0.67006015777588,0.7423067688942,0,,,
4593,0,,,,0.67006015777588,0.7423067688942,0,,,
4597,0,,,,0.67006015777588,0.7423067688942,0,,,
4600,0,,,,0.67006015777588,0.7423067688942,0,,17,
4603,0,,,,0.67006015777588,0.7423067688942,0,99,14,
4607,0,,,,0.67006015777588,0.7423067688942,0,,9,-6
4610,0,,,,0.67006015777588,0.7423067688942,0,100,5,
4613,0,,,,0.67006015777588,0.7423067688942,0,,0,
4616,0,,,,0.67006015777588,0.7423067688942,0,,-4,-5
4620,0,,,,0.67006015777588,0.7423067688942,0,,-9,
4623,0,,,,0.67006015777588,0.7423067688942,0,99,-14,
4627,0,,,,0.67006015777588,0.7423067688942,0,,-16,-4
4630,0,,,,0.67006015777588,0.7423067688942,0,,,
4633,0,,,,0.67006015777588,0.7423067688942,0,,,
4636,0,,,,0.67006015777588,0.7423067688942,0,,,
4640,0,,,,0.67006015777588,0.7423067688942,0,,,
4643,0,,,,0.67006015777588,0.7423067688942,0,,-15,-3
4647,0,,,,0.67006015777588,0.7423067688942,0,,,
4650,0,,,,0.67006015777588,0.7423067688942,0,,-13,-2
4653,0,,,,0.67006015777588,0.7423067688942,0,,-12,
4657,0,,,,0.67006015777588,0.7423067688942,0,,-11,
4660,0,,,,0.67006015777588,0.7423067688942,0,,,-1
4663,0,,,,0.67006015777588,0.7423067688942,0,,-10,
4666,0,,,,0.67006015777588,0.7423067688942,0,,,
4670,0,,,,0.67006015777588,0.7423067688942,0,100,,
4673,0,,,,0.67006015777588,0.7423067688942,0,,-9,
4677,0,,,,0.67006015777588,0.7423067688942,0,,,
4680,0,,,,0.67006015777588,0.7423067688942,0,,,
4683,0,,,,0.67006015777588,0.7423067688942,0,,,
4686,0,,,,0.67006015777588,0.7423067688942,0,,,
4690,0,,,,0.67006015777588,0.7423067688942,0,,,
4693,0,,,,0.67006015777588,0.7423067688942,0,,,
4697,0,,,,0.67006015777588,0.7423067688942,0,,,
4700,0,,,,0.67006015777588,0.7423067688942,0,,,
4703,0,,,,0.67006015777588,0.7423067688942,0,,,
4707,0,,,,0.67006015777588,0.7423067688942,0,,,
4710,0,,,,0.67006015777588,0.7423067688942,0,,,
4713,0,,,,0.67006015777588,0.7423067688942,0,,,
4716,0,,,,0.67006015777588,0.7423067688942,0,,,
4720,0,,,,0.67006015777588,0.7423067688942,0,,,
4723,0,,,,0.67006015777588,0.7423067688942,0,,,
4727,0,,,,0.67006015777588,0.7423067688942,0,,,
4730,0,,,,0.67006015777588,0.7423067688942,0,,,
4733,0,,,,0.67006015777588,0.7423067688942,0,,,
4736,0,,,,0.67006015777588,0.7423067688942,0,,,
4740,0,,,,0.67006015777588,0.7423067688942,0,,,
4743,0,,,,0.67006015777588,0.7423067688942,0,,,
4747,0,,,,0.67006015777588,0.7423067688942,0,,,
4750,0,,,,0.67006015777588,0.7423067688942,0,,,
4753,0,,,,0.67006015777588,0.7423067688942,0,,,
4757,0,,,,0.67006015777588,0.7423067688942,0,,,
4760,0,,,,0.67006015777588,0.7423067688942,0,,,
4763,0,,,,0.67006015777588,0.7423067688942,0,,,
4766,0,,,,0.67006015777588,0.7423067688942,0,,,
4770,0,,,,0.67006015777588,0.7423067688942,0,,,
4773,0,,,,0.67006015777588,0.7423067688942,0,,,
4777,0,,,,0.67006015777588,0.7423067688942,0,,,
4780,0,,,,0.67006015777588,0.7423067688942,0,,,
4783,0,,,,0.67006015777588,0.7423067688942,0,,,
4786,0,,,,0.67006015777588,0.7423067688942,0,,,
4790,0,,,,0.67006015777588,0.7423067688942,0,,,
4793,0,,,,0.67006015777588,0.7423067688942,0,,,
4797,0,,,,0.67006015777588,0.7423067688942,0,,,
4800,0,,,,0.67006015777588,0.7423067688942,0,,,
4803,0,,,,0.67006015777588,0.7423067688942,0,,,
4807,0,,,,0.67006015777588,0.7423067688942,0,,,
4810,0,,,,0.67006015777588,0.7423067688942,0,,,
4813,0,,,,0.67006015777588,0.7423067688942,0,,,
4817,0,,,,0.67006015777588,0.7423067688942,0,,,
4820,0,,,,0.67006015777588,0.7423067688942,0,,,
4823,0,,,,0.67006015777588,0.7423067688942,0,,,
4827,0,,,,0.67006015777588,0.7423067688942,0,,,
4830,0,,,,0.67006015777588,0.7423067688942,0,,,
4833,0,,,,0.67006015777588,0.7423067688942,0,,,
4837,0,,,,0.67006015777588,0.7423067688942,0,,,
4840,0,,,,0.67006015777588,0.7423067688942,0,,,
4843,0,,,,0.67006015777588,0.7423067688942,0,,,
4847,0,,,,0.67006015777588,0.7423067688942,0,,,
4850,0,,,,0.67006015777588,0.7423067688942,0,,,
4853,0,,,,0.67006015777588,0.7423067688942,0,,,
4857,0,,,,0.67006015777588,0.7423067688942,0,,,
4860,0,,,,0.67006015777588,0.7423067688942,0,,,
4863,0,,,,0.67006015777588,0.7423067688942,0,,,
4867,0,,,,0.67006015777588,0.7423067688942,0,,,
4870,0,,,,0.67006015777588,0.7423067688942,0,,,
4873,0,,,,0.67006015777588,0.7423067688942,0,,,
4877,0,,,,0.67006015777588,0.7423067688942,0,,,
4880,0,,,,0.67006015777588,0.7423067688942,0,,,
4883,0,,,,0.67006015777588,0.7423067688942,0,,,
4887,0,,,,0.67006015777588,0.7423067688942,0,,,
4890,0,,,,0.67006015777588,0.7423067688942,0,,,
4893,0,,,,0.67006015777588,0.7423067688942,0,,,
4897,0,,,,0.67006015777588,0.7423067688942,0,,,
4900,0,,,,0.67006015777588,0.7423067688942,0,,,
4903,0,,,,0.67006015777588,0.7423067688942,0,,,
4907,0,,,,0.67006015777588,0.7423067688942,0,,,
4910,0,,,,0.67006015777588,0.7423067688942,0,,,
4913,0,,,,0.67006015777588,0.7423067688942,0,,,
4917,0,,,,0.67006015777588,0.7423067688942,0,,,
4920,0,,,,0.67006015777588,0.7423067688942,0,,,
4923,0,,,,0.67006015777588,0.7423067688942,0,,,
4927,0,,,,0.67006015777588,0.7423067688942,0,,,
4930,0,,,,0.67006015777588,0.7423067688942,0,,,
4933,0,,,,0.67006015777588,0.7423067688942,0,,,
4937,0,,,,0.67006015777588,0.7423067688942,0,,,
4940,0,,,,0.67006015777588,0.7423067688942,0,,,
4943,0,,,,0.67006015777588,0.7423067688942,0,,,
4947,0,,,,0.67006015777588,0.7423067688942,0,,,
4950,0,,,,0.67006015777588,0.7423067688942,0,,,
4953,0,,,,0.67006015777588,0.7423067688942,0,,,
4957,0,,,,0.67006015777588,0.7423067688942,0,,,
4960,0,,,,0.67006015777588,0.7423067688942,0,,,
4963,0,,,,0.67006015777588,0.7423067688942,0,,,
4967,0,,,,0.67006015777588,0.7423067688942,0,,,
4970,0,,,,0.67006015777588,0.7423067688942,0,,,
4973,0,,,,0.67006015777588,0.7423067688942,0,,,
4977,0,,,,0.67006015777588,0.7423067688942,0,,,
4980,0,,,,0.67006015777588,0.7423067688942,0,,,
4983,0,,,,0.67006015777588,0.7423067688942,0,,,
4987,0,,,,0.67006015777588,0.7423067688942,0,,,
4990,0,,,,0.67006015777588,0.7423067688942,0,,,
4993,0,,,,0.67006015777588,0.7423067688942,0,,,
4997,0,,,,0.67006015777588,0.7423067688942,0,,,
5000,0,,,,0.67006015777588,0.7423067688942,0,,,
5003,0,,,,0.67006015777588,0.7423067688942,0,,,
5007,0,,,,0.67006015777588,0.7423067688942,0,,,
5010,0,,,,0.67006015777588,0.7423067688942,0,,,
5013,0,,,,0.67006015777588,0.7423067688942,0,,,
5017,0,,,,0.67006015777588,0.7423067688942,0,,,
5020,0,,,,0.67006015777588,0.7423067688942,0,,,
5023,0,,,,0.67006015777588,0.7423067688942,0,,,
5027,0,,,,0.67006015777588,0.7423067688942,0,,,
5030,0,,,,0.67006015777588,0.7423067688942,0,,,
5033,0,,,,0.67006015777588,0.7423067688942,0,,,
5037,0,,,,0.67006015777588,0.7423067688942,0,,,
5040,0,,,,0.67006015777588,0.7423067688942,0,,,
5043,0,,,,0.67006015777588,0.7423067688942,0,,,
5047,0,,,,0.67006015777588,0.7423067688942,0,,,
5050,0,,,,0.67006015777588,0.7423067688942,0,,,
5053,0,,,,0.67006015777588,0.7423067688942,0,,,
5057,0,,,,0.67006015777588,0.7423067688942,0,,,
5060,0,,,,0.67006015777588,0.7423067688942,0,,,
5063,0,,,,0.67006015777588,0.7423067688942,0,,,
5067,0,,,,0.67006015777588,0.7423067688942,0,,,
5070,0,,,,0.67006015777588,0.7423067688942,0,,,
5073,0,,,,0.67006015777588,0.7423067688942,0,,,
5077,0,,,,0.67006015777588,0.7423067688942,0,,,
5080,0,,,,0.67006015777588,0.7423067688942,0,,,
5083,0,,,,0.67006015777588,0.7423067688942,0,,,
5087,0,,,,0.67006015777588,0.7423067688942,0,,,
5090,0,,,,0.67006015777588,0.7423067688942,0,,,
5093,0,,,,0.67006015777588,0.7423067688942,0,,,
5097,0,,,,0.67006015777588,0.7423067688942,0,,,
5100,0,,,,0.67006015777588,0.7423067688942,0,,,
5103,0,,,,0.67006015777588,0.7423067688942,0,,,
5107,0,,,,0.67006015777588,0.7423067688942,0,,,
5110,0,,,,0.67006015777588,0.7423067688942,0,,,
5113,0,,,,0.67006015777588,0.7423067688942,0,,,
5117,0,,,,0.67006015777588,0.7423067688942,0,,,
5120,0,,,,0.67006015777588,0.7423067688942,0,,,
5123,0,,,,0.67006015777588,0.7423067688942,0,,,
5127,0,,,,0.67006015777588,0.7423067688942,0,,,
5130,0,,,,0.67006015777588,0.7423067688942,0,,,
5133,0,,,,0.67006015777588,0.7423067688942,0,,,
5137,0,,,,0.67006015777588,0.7423067688942,0,,,
5140,0,,,,0.67006015777588,0.7423067688942,0,,,
5143,0,,,,0.67006015777588,0.7423067688942,0,,,
5147,0,,,,0.67006015777588,0.7423067688942,0,,,
5150,0,,,,0.67006015777588,0.7423067688942,0,,,
5153,0,,,,0.67006015777588,0.7423067688942,0,,,
5157,0,,,,0.67006015777588,0.7423067688942,0,,,
5160,0,,,,0.67006015777588,0.7423067688942,0,,,
5163,0,,,,0.67006015777588,0.7423067688942,0,,,
5167,0,,,,0.67006015777588,0.7423067688942,0,,,
5170,0,,,,0.67006015777588,0.7423067688942,0,,,
5173,0,,,,0.67006015777588,0.7423067688942,0,,,
5177,0,,,,0.67006015777588,0.7423067688942,0,,,
5180,0,,,,0.67006015777588,0.7423067688942,0,,,
5183,0,,,,0.67006015777588,0.7423067688942,0,,,
5187,0,,,,0.67006015777588,0.7423067688942,0,,,
5190,0,,,,0.67006015777588,0.7423067688942,0,,,
5193,0,,,,0.67006015777588,0.7423067688942,0,,,
5197,0,,,,0.67006015777588,0.7423067688942,0,,,
5200,0,,,,0.67006015777588,0.7423067688942,0,,,
5203,0,,,,0.67006015777588,0.7423067688942,0,,,
5207,0,,,,0.67006015777588,0.7423067688942,0,,,
5210,0,,,,0.67006015777588,0.7423067688942,0,,,
5213,0,,,,0.67006015777588,0.7423067688942,0,,,
5217,0,,,,0.67006015777588,0.7423067688942,0,,,
5220,0,,,,0.67006015777588,0.7423067688942,0,,,
5223,0,,,,0.67006015777588,0.7423067688942,0,,,
5227,0,,,,0.67006015777588,0.7423067688942,0,,,
5230,0,,,,0.67006015777588,0.7423067688942,0,,,
5233,0,,,,0.67006015777588,0.7423067688942,0,,,
5237,0,,,,0.67006015777588,0.7423067688942,0,,,
5240,0,,,,0.67006015777588,0.7423067688942,0,,,
5243,0,,,,0.67006015777588,0.7423067688942,0,,,
5247,0,,,,0.67006015777588,0.7423067688942,0,,,
5250,0,,,,0.67006015777588,0.7423067688942,0,,,
5253,0,,,,0.67006015777588,0.7423067688942,0,,,
5257,0,,,,0.67006015777588,0.7423067688942,0,,,
5260,0,,,,0.67006015777588,0.7423067688942,0,,,
5263,0,,,,0.67006015777588,0.7423067688942,0,,,
5267,0,,,,0.67006015777588,0.7423067688942,0,,,
5270,0,,,,0.67006015777588,0.7423067688942,0,,,
5273,0,,,,0.67006015777588,0.7423067688942,0,,,
5277,0,,,,0.67006015777588,0.7423067688942,0,,,
5280,0,,,,0.67006015777588,0.7423067688942,0,,,
5283,0,,,,0.67006015777588,0.7423067688942,0,,,
5287,0,,,,0.67006015777588,0.7423067688942,0,,,
5290,0,,,,0.67006015777588,0.7423067688942,0,,,
5293,0,,,,0.67006015777588,0.7423067688942,0,,,
5297,0,,,,0.67006015777588,0.7423067688942,0,,,
5300,0,,,,0.67006015777588,0.7423067688942,0,,,
5303,0,,,,0.67006015777588,0.7423067688942,0,,,
5307,0,,,,0.67006015777588,0.7423067688942,0,,,
5310,0,,,,0.67006015777588,0.7423067688942,0,,,
5313,0,,,,0.67006015777588,0.7423067688942,0,,,
5317,0,,,,0.67006015777588,0.7423067688942,0,,,
5320,0,,,,0.67006015777588,0.7423067688942,0,,,
5323,0,,,,0.67006015777588,0.7423067688942,0,,,
5327,0,,,,0.67006015777588,0.7423067688942,0,,,
5330,0,,,,0.67006015777588,0.7423067688942,0,,,
5333,0,,,,0.67006015777588,0.7423067688942,0,,,
5337,0,,,,0.67006015777588,0.7423067688942,0,,,
5340,0,,,,0.67006015777588,0.7423067688942,0,,,
5343,0,,,,0.67006015777588,0.7423067688942,0,,,
5347,0,,,,0.67006015777588,0.7423067688942,0,,,
5350,0,,,,0.67006015777588,0.7423067688942,0,,,
5353,0,,,,0.67006015777588,0.7423067688942,0,,,
5357,0,,,,0.67006015777588,0.7423067688942,0,,,
5360,0,,,,0.67006015777588,0.7423067688942,0,,,
5363,0,,,,0.67006015777588,0.7423067688942,0,,,
5367,0,,,,0.67006015777588,0.7423067688942,0,,,
5370,0,,,,0.67006015777588,0.7423067688942,0,,,
5373,0,,,,0.67006015777588,0.7423067688942,0,,,
5377,0,,,,0.67006015777588,0.7423067688942,0,,,
5380,0,,,,0.67006015777588,0.7423067688942,0,,,
5383,0,,,,0.67006015777588,0.7423067688942,0,,,
5387,0,,,,0.67006015777588,0.7423067688942,0,,,
5390,0,,,,0.67006015777588,0.7423067688942,0,,,
5393,0,,,,0.67006015777588,0.7423067688942,0,,,
5397,0,,,,0.67006015777588,0.7423067688942,0,,,
5400,0,,,,0.67006015777588,0.7423067688942,0,,,
5403,0,,,,0.67006015777588,0.7423067688942,0,,,
5407,0,,,,0.67006015777588,0.7423067688942,0,,,
5410,0,,,,0.67006015777588,0.7423067688942,0,,,
5413,0,,,,0.67006015777588,0.7423067688942,0,,,
5417,0,,,,0.67006015777588,0.7423067688942,0,,,
5420,0,,,,0.67006015777588,0.7423067688942,0,,,
5423,0,,,,0.67006015777588,0.7423067688942,0,,,
5427,0,,,,0.67006015777588,0.7423067688942,0,,,
5430,0,,,,0.67006015777588,0.7423067688942,0,,,
5433,0,,,,0.67006015777588,0.7423067688942,0,,,
5437,0,,,,0.67006015777588,0.7423067688942,0,,,
5440,0,,,,0.67006015777588,0.7423067688942,0,,,
5443,0,,,,0.67006015777588,0.7423067688942,0,,,
5447,0,,,,0.67006015777588,0.7423067688942,0,,,
5450,0,,,,0.67006015777588,0.7423067688942,0,,,
5453,0,,,,0.67006015777588,0.7423067688942,0,,,
5457,0,,,,0.67006015777588,0.7423067688942,0,,,
5460,0,,,,0.67006015777588,0.7423067688942,0,,,
5463,0,,,,0.67006015777588,0.7423067688942,0,,,
5467,0,,,,0.67006015777588,0.7423067688942,0,,,
5470,0,,,,0.67006015777588,0.7423067688942,0,,,
5473,0,,,,0.67006015777588,0.7423067688942,0,,,
5477,0,,,,0.67006015777588,0.7423067688942,0,,,
5480,0,,,,0.67006015777588,0.7423067688942,0,,,
5483,0,,,,0.67006015777588,0.7423067688942,0,,,
5487,0,,,,0.67006015777588,0.7423067688942,0,,,
5490,0,,,,0.67006015777588,0.7423067688942,0,,,
5493,0,,,,0.67006015777588,0.7423067688942,0,,,
5497,0,-329,,,0.67006015777588,0.7423067688942,0,,,
5500,0,-327,-381,,0.80207151174545,0.59722793102264,0,,,
5503,0,-324,,,0.90322333574295,0.42917081713676,0,,,
5507,0,-320,,,0.96962368488312,0.24460142850876,0,,,
5510,0,-314,-382,,0.99871790409088,0.050621043890715,0,,,
5513,0,-308,,,0.99621242284775,-0.086952716112137,0,,,
5517,0,-300,-383,,0.99621242284775,-0.086952716112137,0,,,
5520,0,-293,-384,,0.99621242284775,-0.086952716112137,0,,,
5523,0,-285,,,0.99621242284775,-0.086952716112137,0,,,
5527,0,-278,-385,,0.99621242284775,-0.086952716112137,0,,,
5530,0,-270,,,0.99621242284775,-0.086952716112137,0,,,
5533,0,-263,-386,,0.99621242284775,-0.086952716112137,0,,,
5537,0,-256,-387,,0.99621242284775,-0.086952716112137,0,,,
5540,0,-248,,,0.99621242284775,-0.086952716112137,0,,-8,
5543,0,-241,-388,,0.99653220176697,-0.083207920193672,0,,,
5547,0,-233,-389,,0.99691396951675,-0.078502207994461,0,,-7,
5550,0,-226,,,0.99751478433609,-0.070457503199577,0,,-6,-2
5553,0,-220,,,0.998202085495,-0.059938073158264,0,,,
5557,0,-215,-390,,0.99831032752991,-0.058107830584049,0,,,
5560,0,-211,,,0.99831032752991,-0.058107830584049,0,,,
5563,0,-207,,,0.99831032752991,-0.058107830584049,0,,-5,
5567,0,-203,,,0.99890869855881,-0.046706195920706,0,,2,
5570,0,-200,,,0.99982088804245,0.018926443532109,0,99,13,-1
5573,0,-197,,,0.99088031053543,0.13474503159523,0,96,27,
5577,0,-194,-389,,0.96374446153641,0.26682683825493,0,91,41,
5580,0,-192,-388,,0.91193205118179,0.41034126281738,,86,51,0
5583,0,-189,-386,,0.8577162027359,0.51412343978882,,81,58,
5587,0,-185,-384,,0.81487560272217,0.57963591814041,0,78,63,1
5590,0,-181,-381,,0.77733260393143,0.62908983230591,0,73,68,2
5593,0,-177,-379,,0.73328411579132,0.67992240190506,0,69,72,3
5597,0,-172,-377,,0.68873715400696,0.72501111030579,0,65,76,4
5600,0,-166,-376,,0.64637261629105,0.76302194595337,0,60,80,
5603,0,-159,-374,,0.59984570741653,0.80011570453644,0,55,84,
5607,0,-152,-372,,0.54686975479126,0.83721768856049,0,49,87,
5610,0,-145,-370,,0.49498230218887,0.86890304088593,0,42,90,
5613,0,-139,-367,,0.42406782507896,0.90563040971756,0,34,94,
5617,0,-132,-364,,0.33737993240356,0.9413685798645,0,24,97,5
5620,0,-127,-360,,0.24303111433983,0.97001850605011,0,12,99,
5623,0,-121,-355,,0.11927615106106,0.99286109209061,0,-1,100,6
5627,0,-116,-352,,-0.011596105992794,0.99993276596069,0,-12,99,
5630,0,-110,-349,,-0.11663039028645,0.99317538738251,0,-21,98,
5633,0,-103,-347,,-0.21404181420803,0.97682452201843,0,-32,95,
5637,0,-97,-345,,-0.31868273019791,0.94786143302917,0,-41,91,7
5640,0,-91,-342,,-0.41499695181847,0.90982282161713,0,-51,86,
5643,0,-85,-339,,-0.50973975658417,0.86032867431641,0,-59,80,
5647,0,-80,-335,,-0.59067606925964,0.80690878629684,0,-68,73,
5650,0,-75,-330,,-0.68102961778641,0.7322558760643,0,-77,64,8
5653,0,-71,-325,,-0.76998960971832,0.63805639743805,0,-86,51,
5657,0,-67,-320,,-0.8609237074852,0.50873404741287,0,-92,38,
5660,0,-64,-314,-57,-0.92494183778763,0.38010859489441,0,-98,19,
5663,0,-63,-308,-56,-0.98126810789108,0.19264705479145,0,-100,-4,
5667,0,-62,-302,-55,-0.9999965429306,-0.0026069025043398,0,-96,-28,7
5670,0,,-296,-53,-0.98025035858154,-0.19776055216789,0,-86,-51,
5673,0,-63,-290,-52,-0.92278909683228,-0.38530540466309,0,-72,-69,
5677,0,-65,-284,-51,-0.82982367277145,-0.55802565813065,0,-54,-84,6
5680,0,-68,-279,-50,-0.7049309015274,-0.70927596092224,0,-32,-95,7
5683,0,-72,-274,-49,-0.55291599035263,-0.83323693275452,0,-12,-99,
5687,0,-77,-271,-48,-0.37962776422501,-0.92513930797577,0,10,,6
5690,0,-82,-267,-47,-0.19173336029053,-0.9814470410347,0,22,-97,7
5693,0,-88,-263,,0.0035379484761506,-0.99999368190765,0,25,-96,
5697,0,-93,-260,-46,0.19867312908173,-0.98006576299667,0,,,8
5700,0,-99,-256,-45,0.25557270646095,-0.96678984165192,0,,,
5703,0,-105,-253,-44,0.25557270646095,-0.96678984165192,0,,,
5707,0,-111,-250,,0.25557270646095,-0.96678984165192,0,,,
5710,0,-116,-246,-43,0.25557270646095,-0.96678984165192,0,,,
5713,0,-122,-243,-42,0.25557270646095,-0.96678984165192,0,,,
5717,0,-128,-240,,0.25557270646095,-0.96678984165192,0,,,
5720,0,-133,-236,-41,0.25557270646095,-0.96678984165192,0,,,
5723,0,-139,-234,-40,0.25557270646095,-0.96678984165192,0,31,-95,7
5727,0,,,,0.30757555365562,-0.95152366161346,0,52,-85,
5730,0,,,,0.4874002635479,-0.8731786608696,0,68,-73,8
5733,0,-140,-235,-41,0.64847230911255,-0.76123821735382,0,75,-65,
5737,0,-141,-237,,0.75468987226486,-0.6560817360878,0,79,-61,
5740,0,-142,-238,,0.79079484939575,-0.61208128929138,0,83,-56,6
5743,0,-143,-239,,0.82870715856552,-0.55968242883682,0,87,-50,5
5747,0,-144,-240,-42,0.86833322048187,-0.49598130583763,0,90,-43,4
5750,0,,,,0.90307199954987,-0.42948925495148,0,94,-34,3
5753,0,-143,,,0.93931442499161,-0.34305745363235,0,97,-25,2
5757,0,,-239,-41,0.96775728464127,-0.25188452005386,0,98,-18,
5760,0,-142,-238,,0.98345160484314,-0.18117086589336,0,99,-12,
5764,0,,,,0.99310606718063,-0.11721905320883,0,100,-6,1
5767,0,-141,-237,,0.99792408943176,-0.064400725066662,0,,-2,
5770,0,-140,-236,,0.99976342916489,-0.021749990060925,0,,1,
5773,0,-139,-235,-40,0.99993044137955,0.011794770136476,0,,5,
5777,0,-138,-233,,0.99890530109406,0.046777971088886,0,99,13,
5780,0,-136,-230,,0.99153250455856,0.12985852360725,0,97,25,
5783,0,-135,-226,,0.96823078393936,0.25005838274956,0,91,41,
5787,0,,-222,,0.91118109226227,0.4120060801506,0,84,55,
5790,0,-136,-218,,0.83621025085449,0.54840904474258,0,78,62,3
5794,0,-137,-213,,0.78457361459732,0.62003564834595,0,,63,4
5797,0,-140,-208,,0.77991962432861,0.62587970495224,0,,,
5800,0,-142,-203,,0.77991962432861,0.62587970495224,0,,,
5803,0,,-197,,0.77991962432861,0.62587970495224,0,,,
5807,0,,-190,,0.77991962432861,0.62587970495224,0,,,
5810,0,-141,-183,,0.77991962432861,0.62587970495224,0,,,
5813,0,-140,-176,,0.77991962432861,0.62587970495224,0,,,
5817,0,-139,-169,,0.77991962432861,0.62587970495224,0,,,
5820,0,-138,-162,,0.77991962432861,0.62587970495224,0,,62,
5823,0,-136,-155,,0.7843462228775,0.62032330036163,0,,,
5827,0,-135,-148,,0.783207654953,0.62176018953323,0,,,3
5830,0,-134,-141,,0.78517007827759,0.61928021907806,0,80,59,
5833,0,-132,-135,,0.80490255355835,0.59340697526932,0,86,52,
5837,0,-130,-128,,0.85657405853271,0.51602411270142,0,91,42,2
5840,0,-127,-122,,0.90537017583847,0.4246232509613,0,94,34,
5843,0,-123,-117,,0.94116145372391,0.3379573225975,0,96,27,1
5847,0,-118,-113,,0.96315604448318,0.26894327998161,,98,21,0
5850,0,-112,-109,,0.97771936655045,0.20991639792919,,,19,
5853,0,-106,-107,,0.98243445158005,0.18660785257816,,,18,
5857,0,-99,-105,,0.98412817716599,0.17745916545391,,,,
5860,0,-92,-104,,0.98443573713303,0.17574487626553,,,,
5863,0,-85,-101,,0.98443573713303,0.17574487626553,,99,17,
5867,0,-79,-98,,0.9851365685463,0.17177291214466,,,16,
5870,0,-73,-94,,0.98732686042786,0.15870001912117,,,14,
5873,0,-68,-89,,0.9897181391716,0.14303158223629,,,13,
5877,0,-64,-84,,0.99187588691711,0.12720948457718,,,12,
5880,0,-62,-79,,0.99288064241409,0.11911327391863,,,,
5883,0,-60,-73,,0.99319916963577,0.1164279282093,,,,
5887,0,-59,-67,,0.99319916963577,0.1164279282093,,,,
5890,0,-58,-62,,0.99319916963577,0.1164279282093,,,,
5893,0,-57,-58,,0.99319916963577,0.1164279282093,,,,
5897,0,,-55,,0.99319916963577,0.1164279282093,,,,
5900,0,-56,-53,,0.99319916963577,0.1164279282093,,,,
5903,0,-55,-52,,0.99319916963577,0.1164279282093,,,,
5907,0,-54,-53,,0.99319916963577,0.1164279282093,,,,
5910,0,-53,-54,,0.99330013990402,0.11556298285723,,,11,
5913,0,,-57,,0.99349993467331,0.11383280903101,,,,
5917,0,-52,-60,,0.9938040971756,0.11114580929279,,,,
5920,0,-51,-65,,0.99399620294571,0.10941477119923,,,,
5923,0,,-70,,0.99439066648483,0.10576938092709,,100,9,
5927,0,-50,-77,,0.9958216547966,0.091319367289543,0,,6,-1
5930,0,,-83,,0.99832791090012,0.057805154472589,0,,2,
5933,0,-49,-90,,0.99985790252686,0.016858471557498,0,,-2,
5937,0,-50,-97,,0.99977570772171,-0.02117982506752,0,,-5,-2
5940,0,,-102,,0.99872231483459,-0.050534948706627,0,,-6,
5943,0,,-107,,0.99872231483459,-0.050534948706627,0,,,
5947,0,,-110,,0.99872231483459,-0.050534948706627,0,,,
5950,0,,-113,,0.99833804368973,-0.057628933340311,0,,,
5953,0,,-114,,0.99833804368973,-0.057628933340311,0,,,
5957,0,,,,0.99833804368973,-0.057628933340311,0,,,
5960,0,,,,0.99833804368973,-0.057628933340311,0,,,
5963,0,-49,-112,,0.99833804368973,-0.057628933340311,0,,,
5967,0,,-109,,0.99833804368973,-0.057628933340311,0,,,
5970,0,,-105,,0.99833804368973,-0.057628933340311,0,,,
5973,0,,-100,,0.99833804368973,-0.057628933340311,0,,,
5977,0,-48,-94,,0.99833804368973,-0.057628933340311,0,,,
5980,0,,-89,,0.99833804368973,-0.057628933340311,0,,,
5983,0,,-84,,0.99833804368973,-0.057628933340311,0,,,
5987,0,-47,-81,,0.99833804368973,-0.057628933340311,0,,,
5990,0,,-78,,0.99833804368973,-0.057628933340311,0,,,
5993,0,,-75,,0.99833804368973,-0.057628933340311,0,,,
5997,0,,-73,,0.99833804368973,-0.057628933340311,0,,,
6000,0,-48,-72,,0.99833804368973,-0.057628933340311,0,,,
6003,0,-49,-70,,0.99833804368973,-0.057628933340311,0,,,
6007,0,-50,,,0.99833804368973,-0.057628933340311,0,,,
6010,0,-52,,,0.99828749895096,-0.058498173952103,0,,,
6013,0,-54,-71,,0.9980663061142,-0.062158364802599,0,,,
6017,0,-57,-73,,0.9978945851326,-0.064857050776482,0,,-7,
6020,0,-60,-75,,0.99783772230148,-0.065725900232792,0,,,
6024,0,-64,-78,,0.99783772230148,-0.065725900232792,0,,,
6027,0,-69,-83,,0.99783772230148,-0.065725900232792,0,,,
6030,0,-74,-87,,0.99783772230148,-0.065725900232792,0,,,
6033,0,-79,-91,,0.99783772230148,-0.065725900232792,0,,,
6037,0,-84,-96,,0.99783772230148,-0.065725900232792,0,,,
6040,0,-89,-100,,0.99783772230148,-0.065725900232792,0,,,
6043,0,-94,-104,,0.99783772230148,-0.065725900232792,0,,,
6047,0,-100,-106,,0.99783772230148,-0.065725900232792,0,,,
6050,0,-106,-107,,0.99783772230148,-0.065725900232792,0,,,
6053,0,-112,-108,,0.99783772230148,-0.065725900232792,0,,,
6057,0,-118,-107,,0.99783772230148,-0.065725900232792,0,,,
6060,0,-124,-106,,0.99783772230148,-0.065725900232792,0,,,
6063,0,-128,-105,,0.99783772230148,-0.065725900232792,0,,,
6067,0,-133,-103,,0.99783772230148,-0.065725900232792,0,,,
6070,0,-136,-100,,0.99783772230148,-0.065725900232792,0,,,
6074,0,-140,-97,,0.99783772230148,-0.065725900232792,0,,,
6077,0,-143,-92,,0.99783772230148,-0.065725900232792,0,,,
6080,0,-148,-87,,0.99783772230148,-0.065725900232792,0,,,
6083,0,-152,-82,,0.99783772230148,-0.065725900232792,0,,,
6087,0,-156,-77,,0.99778008460999,-0.066594697535038,0,,,
6090,0,-158,-71,,0.99729532003403,-0.073498971760273,0,,-8,
6093,0,-159,-65,,0.99685418605804,-0.079257540404797,0,,,
6097,0,-160,-59,,0.99671465158463,-0.080993354320526,0,,,
6100,0,-159,-52,,0.99664372205734,-0.081861168146133,0,,,
6103,0,,-46,,0.99664372205734,-0.081861168146133,0,,,
6107,0,-158,-39,,0.99664372205734,-0.081861168146133,0,,,
6110,0,-157,-33,,0.99664372205734,-0.081861168146133,0,,,
6113,0,-154,-27,,0.99657207727432,-0.082728922367096,0,,,
6117,0,-152,-23,,0.99657207727432,-0.082728922367096,0,,,
6120,0,-149,-20,,0.99649965763092,-0.083596602082253,0,,,
6124,0,-146,-17,,0.99642652273178,-0.084464237093925,0,,-9,
6127,0,-143,-16,,0.99635261297226,-0.085331797599792,0,,,
6130,0,-139,,,0.99635261297226,-0.085331797599792,0,,,
6133,0,-136,-17,,0.99635261297226,-0.085331797599792,0,,,
